      286.425      6.78708      2399.14     0.917415
      550.881      480.821      1946.08     0.859015
      48.2837      185.404      1435.14     0.927607
      359.382      424.780      1007.23     0.890216
      265.028      6.31294      930.442     0.818490
      516.509      476.449      420.334     0.987582
      469.508      478.789      291.824     0.874461
      418.785      304.395      215.004     0.934313
      534.570      147.530      143.862     0.984234
      100.310      605.675      142.251     0.883784
      426.279      439.712      132.627     0.865322
      452.111      300.232      129.767     0.891229
      267.799      253.937      125.999     0.867484
      78.6759      534.130      104.497     0.978492
      286.629      94.5520      99.9793     0.959396
      550.112      378.648      97.2997     0.955569
      601.803      518.593      91.7922     0.938656
      120.433      272.070      85.3305     0.946428
      557.217      379.450      75.1791     0.929334
      302.112      590.664      71.3689     0.875136
      359.080      279.009      70.4503     0.970264
      357.113      463.314      70.4254     0.876066
      433.694      45.7080      63.5583     0.919358
      44.7721      444.453      60.5253     0.921348
      332.343      375.946      59.6970     0.937227
      125.481      621.685      55.5906     0.959504
      451.406      420.042      54.9718     0.850404
      170.880      161.487      54.0248     0.937519
      56.5429      419.316      53.7819     0.866622
      248.962      501.724      48.7370     0.855300
      254.272      571.543      47.5152     0.916251
      545.399      481.128      43.4323     0.880378
      2.28111      463.525      42.7827     0.870206
      30.9654      95.5745      39.7498     0.939135
      215.506      239.282      38.2572     0.889351
      554.653      479.724      37.3276     0.877358
      116.016      143.190      36.8634     0.907386
      549.666      475.784      36.3424     0.724726
      427.653      636.351      35.9383     0.901905
      592.243      544.890      32.4056     0.890994
      510.567      604.699      30.5964     0.940197
      1.65485      218.185      29.1053     0.877743
      181.615      292.180      28.5510     0.798464
      8.31136      424.527      28.4092     0.930173
      302.345      82.0095      28.0273     0.915338
      338.299      574.850      27.7100     0.895562
      611.411      239.218      27.4537     0.928906
      465.417      3.48565      27.4109     0.900277
      302.912      422.988      26.9712     0.889809
      563.433      60.1223      26.6548     0.899671
      645.329      126.871      25.7920     0.934032
      459.889      29.3050      25.6512     0.901420
      133.229      58.1311      25.2787     0.918761
      221.674      304.044      24.6550     0.944176
      466.852      537.962      24.6179     0.891383
      580.697      112.536      24.1564     0.945976
      451.685      645.332      23.8202     0.814461
      81.9978      406.916      23.1531     0.798428
      606.398      577.392      22.7733     0.930116
      588.086      611.533      22.6115     0.965074
      540.547      502.275      22.1154     0.919501
      553.049      475.687      21.8665     0.932358
      563.112      216.189      21.6870     0.931032
      444.663      198.924      21.6475     0.889539
      172.049      242.808      21.6242     0.759924
      331.299      551.256      21.3717     0.878944
      358.708      419.680      20.6902     0.832953
      248.569      209.716      20.5512     0.928938
      52.5836      186.803      20.3559     0.760187
      48.3486      181.204      19.9996     0.755460
      218.032      189.134      19.7355     0.918763
      520.648      322.657      19.3001     0.837833
      125.871      524.858      19.1205     0.918512
      48.3859      474.853      18.9813     0.882375
      512.321      232.970      18.8601     0.876845
      575.255      598.781      18.0337     0.859681
      639.372      450.752      17.9138     0.911550
      133.008      439.667      17.8563     0.881771
      626.254      522.601      17.5729     0.938529
      461.455      263.225      17.5435     0.924177
      123.524      41.8622      17.1797     0.952047
      326.038      172.345      17.1477     0.960382
      277.919      588.224      17.1304     0.897721
      72.0713      187.393      17.0774     0.974665
      340.981      305.291      17.0773     0.773848
      480.755      405.100      16.7292     0.799565
      7.51579      315.030      16.6538     0.923502
      114.364      401.154      16.5580     0.953912
      246.507      340.612      16.4741     0.964973
      566.728      339.825      16.2192     0.788821
      62.4964      432.226      15.9311     0.938370
      36.5140      568.667      15.6624     0.945330
      182.397      626.044      15.3987     0.994412
      587.889      651.592      15.2908     0.976033
      63.0887      554.627      14.2843     0.964816
      294.126      612.289      14.1860     0.920430
      1.65067      473.889      13.9979     0.945674
      214.670      92.0238      13.8507     0.934357
      54.5725      522.080      13.7190     0.953450
      544.805      104.752      13.4399     0.816157
      381.586      328.587      13.0818     0.867691
      361.875      419.824      12.9930     0.751770
      53.3063      183.896      12.9346     0.776370
      142.573      221.949      12.8149     0.968878
      402.216      198.297      12.7045     0.885552
      93.8660      345.754      12.6660     0.836220
      279.996      426.662      12.6353     0.943731
      619.704      108.528      12.5829     0.931603
      27.6343      515.090      12.3278     0.888442
      52.8368      279.150      12.2753     0.924808
      391.070      298.536      12.2475     0.830141
      350.462      555.859      12.0601     0.955604
      180.921      5.54826      12.0361     0.858805
      490.580      45.7656      11.5794     0.926739
      398.113      561.766      11.5549     0.858161
      568.729      79.8356      11.5253     0.866997
      305.190      415.202      11.4759     0.906708
      209.691      428.876      11.3722     0.779080
      492.648      39.6375      11.1302     0.879213
      48.5547      191.366      10.8057     0.848323
      611.126      268.012      10.5823     0.912591
      125.853      394.079      10.2994     0.755165
      364.285      264.012      10.0493     0.928228
      161.726      286.326      9.84426     0.848672
      250.333      504.172      9.79609     0.807427
      418.855      510.722      9.72438     0.804658
      33.2360     0.454941      9.65510     0.903118
      217.066      264.646      9.45937     0.848059
      319.246      183.318      9.39734     0.924803
      258.223      210.334      9.32203     0.891985
      405.104      251.669      9.29291     0.925231
      490.430      500.603      9.00937     0.932630
      341.325      479.610      8.95465     0.954299
      116.808      466.266      8.87710     0.870097
      441.452      488.513      8.81949     0.977457
      443.593      268.044      8.80971     0.899122
      406.991      503.493      8.43040     0.958158
      75.9534      339.687      8.34277     0.919762
      580.605      254.523      8.08834     0.948209
      145.412      133.225      8.07345     0.905818
      478.537      217.621      8.02444     0.928227
      113.207      547.149      7.97931     0.894919
      233.987      639.571      7.94475     0.922820
      570.659      568.470      7.84456     0.956961
      100.775      330.436      7.76716     0.862320
      209.274      231.536      7.71671     0.982178
      42.1444      183.764      7.61481     0.866609
      578.446      266.426      7.60935     0.987063
      270.700      351.552      7.58992     0.835101
      485.041      627.290      7.54093     0.895801
      85.0817      536.129      7.49959     0.871059
      84.4918      239.691      7.48312     0.915126
      154.196      40.4383      7.40788     0.864158
      549.871      487.386      7.38767     0.894106
      621.446      393.786      7.27761     0.837633
      424.312      367.826      7.27443     0.802737
     0.534240      551.310      7.27359     0.836148
      592.566      24.5981      7.25261     0.967806
      5.39041      392.037      7.19763     0.928760
      52.6556      415.583      7.02904     0.951787
      629.472      528.945      7.02566     0.995751
      57.8896      582.412      6.99988     0.955228
      262.553      27.4733      6.99563     0.973256
      110.568      104.569      6.80747     0.963810
      372.198      491.217      6.75797     0.903763
      15.7885      335.189      6.75168     0.921748
      509.346      516.599      6.71677     0.969030
      569.694      169.206      6.71491     0.878117
      331.497      562.250      6.63223     0.927285
      346.086      298.388      6.60965     0.752298
      514.573      473.664      6.57198     0.950729
      314.079      274.991      6.53789     0.970437
      279.505      465.383      6.51172     0.927461
      140.153      582.058      6.46702     0.871028
      576.622      320.248      6.43174     0.823196
      52.3622      451.958      6.37209     0.912548
      251.167      646.178      6.26938     0.886231
      429.364      197.067      6.23917     0.958490
      58.7125      612.649      6.22813     0.888657
      323.763      507.030      6.22728     0.888561
      44.6078      300.420      6.16891     0.897336
      336.130      99.3741      6.15828     0.903645
      556.728      588.035      6.11304     0.911433
      598.762      329.438      6.10500     0.928600
      289.689     0.479521      6.07822     0.877556
      558.438      531.247      6.04037     0.940034
      520.006      476.806      6.02487     0.884400
      511.464      475.812      5.99321     0.730810
      551.879      532.368      5.98844     0.924089
      114.649      132.180      5.97680     0.910013
      321.083      196.473      5.86537     0.985668
      258.365      151.326      5.85485     0.911900
      144.506      198.376      5.83018     0.921715
      633.206      186.737      5.77253     0.864168
      143.576      36.5507      5.75616     0.982442
      371.587      214.203      5.59837     0.883303
      360.219      144.621      5.59812     0.900494
      494.392      301.802      5.57169     0.810874
      114.590      555.351      5.51980     0.960185
      394.271      362.171      5.51468     0.809519
      540.802      612.812      5.50487     0.805933
      338.993      210.691      5.42440     0.917337
      310.437      292.937      5.40480     0.972671
      564.371      161.406      5.40350     0.934214
      512.594      39.0053      5.39812     0.901569
      290.946      630.508      5.39518     0.970801
      553.027      469.474      5.33796     0.944050
      263.349      253.206      5.31572     0.739919
      288.770      72.9064      5.27271     0.891729
      264.857      12.5766      5.26531     0.901478
      2.95824      552.241      5.23131     0.806422
      490.777      454.462      5.21991     0.852900
      613.188      447.195      5.19417     0.901909
      57.0689      370.572      5.13029     0.972270
      117.711      245.894      5.06942     0.893865
      378.391      610.371      5.06284     0.818935
      400.504      85.2060      4.95487     0.897065
      529.924      220.974      4.95270     0.937960
      590.370      47.5171      4.94810     0.939150
      378.572      620.307      4.92556     0.896414
      350.001      347.309      4.86343     0.870768
      626.126      328.648      4.80519     0.824464
      549.935      110.938      4.75229     0.931026
      275.578      265.031      4.72241     0.903739
      35.5271      106.748      4.71418     0.887515
      485.803      552.478      4.67233     0.943466
      233.141      410.493      4.65433     0.888533
      363.270      186.372      4.57328     0.932506
      583.131      117.397      4.54963     0.825118
      455.298      183.687      4.52200     0.943892
      651.607      369.355      4.50695     0.904858
      583.554      347.021      4.50484     0.907710
      551.345      576.205      4.50446     0.932175
      321.564      124.181      4.48159     0.884340
      464.997      478.194      4.37885     0.718334
      174.159      401.481      4.32831     0.899212
      595.109      473.773      4.31297     0.833784
      618.186      575.629      4.28773     0.922609
      403.781      249.572      4.27728     0.871382
      473.318      607.388      4.27084     0.971295
      259.052      229.155      4.25410     0.965671
      616.696      84.4993      4.23473     0.966815
      113.760      127.502      4.20794     0.914768
      516.265      480.626      4.18084     0.812102
      280.235     0.403898      4.17640     0.849154
      182.711      66.3675      4.16653     0.942271
      470.465      604.605      4.16541     0.923099
      144.315      99.3374      4.15025     0.902989
      253.734      26.7594      4.13867     0.848290
      327.953      447.202      4.13314     0.828121
      344.648      368.391      4.13299     0.917783
      279.196      540.591      4.11578     0.959801
      507.429      500.589      4.05304     0.987220
      511.847      260.582      4.02830     0.746452
      414.839      411.659      3.98942     0.924611
      322.908      630.315      3.97424     0.861815
      258.351      6.66076      3.96798     0.800061
      613.783      10.1736      3.96643     0.849760
      95.7268      547.957      3.91518     0.877351
      177.719      120.184      3.91174     0.884954
      408.286      438.117      3.90943     0.917866
      171.338      232.397      3.86458     0.763738
      537.839      519.261      3.82622     0.899698
      622.673      220.222      3.78937     0.882563
      418.178      308.458      3.77831     0.815373
      442.363      163.510      3.73799     0.967285
      592.264      417.325      3.73255     0.935938
      652.671      335.356      3.69633     0.923899
      8.52216      477.352      3.66656     0.950580
      155.160      193.140      3.66119     0.934760
      534.439      614.137      3.60687     0.948898
      319.718      564.301      3.57321     0.883728
      598.641      540.135      3.55252     0.893770
      197.085      430.382      3.53763     0.915888
      361.586      73.5800      3.53439     0.963924
      261.491      155.388      3.52883     0.968493
      315.056      287.200      3.52876     0.762532
      1.18009      640.378      3.49401     0.840129
      252.052      552.881      3.48482     0.959473
      24.6157      606.525      3.48143     0.958257
      37.6445      547.840      3.46759     0.889439
      367.800      491.668      3.45333     0.896458
      339.411      235.528      3.43434     0.956121
      594.629      11.1299      3.39415     0.901303
      38.0599      566.392      3.37417     0.886030
      39.5276      117.609      3.36765     0.926972
      511.131      478.669      3.36213     0.718031
      359.484      431.449      3.35071     0.828395
      529.363      148.079      3.35045     0.776092
      334.838      612.734      3.33998     0.921726
      408.708      510.382      3.31683     0.930384
      337.567      516.389      3.31603     0.951115
      518.465      470.914      3.31500     0.914136
      545.599      338.147      3.24316     0.893789
      190.018      583.361      3.20498     0.926247
      581.409      7.71747      3.19108     0.913141
      290.259      275.321      3.18244     0.750921
      4.76766      386.424      3.17575     0.938545
      286.593      298.106      3.16057     0.925763
      375.624      255.817      3.16004     0.894250
      261.172      67.3270      3.15569     0.878818
      283.666      474.619      3.14131     0.936774
      236.309      303.388      3.13734     0.938564
      345.260      352.147      3.13708     0.897311
      614.322      262.901      3.11256     0.895806
      268.221      12.2466      3.08771     0.755052
      519.771      628.675      3.06630     0.888184
      197.228      639.149      3.06008     0.883549
      448.184      648.010      3.05729     0.828071
      582.816      303.085      3.04523     0.894825
      415.590      525.736      3.04139     0.900639
      71.4672      50.2178      3.02677     0.925700
      556.163      85.9655      3.00514     0.930420
      278.401      369.594      2.98554     0.896619
      45.7009      176.597      2.96934     0.817198
      11.1571      56.5767      2.96411     0.916447
      500.278      488.506      2.96182     0.908436
      570.307      172.223      2.95652     0.917463
      315.996      637.194      2.94702     0.930944
      380.796      179.384      2.93625     0.934954
      187.959      386.194      2.93344     0.886523
      18.1486      353.378      2.92788     0.940062
      234.347      185.040      2.91324     0.953877
      50.7416      578.702      2.90582     0.824156
      611.860      79.5099      2.88111     0.981494
      310.327      24.2402      2.85462     0.888489
      516.507      47.2828      2.85312     0.852012
      517.209      68.3556      2.83996     0.898251
      270.487      103.244      2.83536     0.944955
      353.121      425.566      2.81368     0.892399
      205.292      628.075      2.77858     0.896741
      74.5830      51.5866      2.77746     0.831805
      255.666      641.031      2.77573     0.885493
      561.770      154.216      2.74465     0.868568
      374.283      49.3691      2.72771     0.853154
      215.628      377.048      2.71814     0.897813
      636.081      598.998      2.70972     0.850660
      152.501      281.740      2.70048     0.840779
      627.544      467.447      2.67502     0.933240
      164.065      212.546      2.66978     0.940839
      167.287      231.521      2.64827     0.985093
      202.808      151.514      2.64325     0.967481
      483.456      451.216      2.64039     0.890650
      602.820      462.675      2.63226     0.934111
      292.694      424.694      2.63216     0.862100
      64.4729      289.167      2.62858     0.925678
      409.689      290.417      2.62400     0.890531
      648.877      542.443      2.60718     0.929193
      415.727      470.172      2.60177     0.916108
      309.495      625.469      2.59964     0.948891
      75.7348      451.465      2.57796     0.965876
      270.888      1.34594      2.57628     0.783793
      444.206      644.757      2.56897     0.874931
      30.1918      32.1076      2.55536     0.793130
      516.512      364.726      2.54628     0.857976
      533.736      445.157      2.54440     0.916296
      255.595      624.717      2.53783     0.936302
      51.5190      98.2582      2.52345     0.934707
      470.002      455.691      2.50641     0.905940
      334.281      8.75767      2.49496     0.770722
      532.795      424.397      2.49447     0.818237
      54.2239      125.586      2.49285     0.968143
      436.397      45.4538      2.48605     0.763259
      77.6255      51.6225      2.46627     0.877114
      162.075      575.996      2.46601     0.995529
      273.464      257.124      2.46599     0.934162
      509.304      304.110      2.46519     0.940083
      51.0210      300.145      2.44748     0.923750
      4.61184      92.6054      2.44059     0.953594
      167.339      612.751      2.43969     0.879603
      204.722      494.311      2.42644     0.836588
      225.435      480.788      2.42483     0.944996
      401.015      213.632      2.42342     0.898097
      513.762      309.705      2.42313     0.861479
      292.595      628.214      2.42232     0.911562
      101.527      556.421      2.39059     0.980460
      195.789      294.960      2.38656     0.895506
      508.693      342.701      2.38021     0.831066
      128.581      524.156      2.37963     0.919907
      574.787      118.847      2.37490     0.842277
      21.2959      286.021      2.37260     0.927029
      49.7856      520.456      2.35536     0.934204
      593.514      207.507      2.35275     0.931158
      513.896      261.931      2.35101     0.736867
      70.0575      103.218      2.35092     0.885305
      539.463      487.103      2.35047     0.935332
      418.266      488.038      2.34801     0.806735
      11.5180      305.120      2.33089     0.853140
      442.501      28.3427      2.31325     0.891720
      96.9210      577.656      2.27378     0.927602
      231.214      440.313      2.27155     0.837564
      324.458      214.403      2.26980     0.979794
      208.450      499.471      2.25917     0.982166
      566.649      367.289      2.25316     0.845099
      255.933      347.275      2.24932     0.816346
      303.946      76.0181      2.24906     0.928486
      529.203      68.5943      2.24687     0.857535
      165.440      484.531      2.24595     0.925853
      216.149      199.695      2.23314     0.825497
      254.511      540.266      2.22766     0.921440
      101.791      184.330      2.22764     0.925186
      544.013      263.440      2.21213     0.918963
      235.566      70.7304      2.20870     0.939946
      311.240      66.2301      2.20030     0.822517
      467.444      171.754      2.19999     0.900008
      444.241      522.142      2.19643     0.903851
      16.1998      429.697      2.19560     0.879539
      558.453      483.283      2.19046     0.704145
      161.707      106.771      2.19023     0.752071
      384.654      370.287      2.19020     0.985838
      253.056      225.012      2.18839     0.932079
      307.433      125.551      2.18517     0.972426
      30.9381      210.004      2.18022     0.908986
      401.447      348.714      2.17289     0.898409
      532.244      103.153      2.16432     0.859777
      88.7387      34.7111      2.15770     0.860059
      118.901      276.676      2.15747     0.946241
      301.960      59.6585      2.15745     0.883848
      569.815      308.570      2.15591     0.938532
      282.855      530.524      2.15526     0.948406
      633.456      476.147      2.15119     0.961786
      595.528      580.586      2.14948     0.963460
      42.0217      68.3447      2.14481     0.858825
      430.717      587.442      2.14201     0.891350
      547.120      54.6553      2.13940     0.863919
      541.108      535.677      2.13543     0.870014
      445.327      29.2851      2.12526     0.894265
      67.5733      162.954      2.12197     0.939114
      299.115      538.124      2.11176     0.906438
      86.2528      53.8886      2.10094     0.905924
      572.978      260.987      2.09836     0.968302
      250.725      416.745      2.09793     0.792992
      150.915      88.0268      2.08141     0.920174
      330.783      87.4659      2.07848     0.911087
      519.799      124.202      2.07560     0.909452
      198.090      87.0483      2.06503     0.896942
      288.722      347.835      2.05846     0.794025
      555.778      487.415      2.05250     0.737521
      218.565      457.476      2.04826     0.888619
      108.160      545.311      2.04168     0.827814
      445.115      641.012      2.03859     0.866634
      103.991      36.0396      2.03853     0.870761
      461.408      232.405      2.03782     0.866592
      472.051      19.0050      2.03724     0.953192
      334.663      20.6285      2.03478     0.874978
      380.728      280.166      2.03363     0.932603
      545.661      601.444      2.02500     0.958240
      357.427      370.299      2.02448     0.909536
      214.961      182.952      2.02237     0.876759
      555.491      227.155      2.01384     0.941616
      335.635      328.282      1.99528     0.942630
      421.938      438.236      1.99202     0.869556
      474.864      101.629      1.99172     0.943487
      154.362      426.730      1.98495     0.938128
      445.474      362.078      1.98476     0.949816
      330.741      527.815      1.97800     0.858194
      69.6390      199.440      1.97731     0.944899
      409.831      306.244      1.97416     0.908647
      457.538      269.837      1.97377     0.932484
      530.253      491.675      1.97234     0.927459
      514.345      345.120      1.96744     0.788951
      193.927      509.299      1.96624     0.907256
      530.980      444.820      1.96452     0.868971
      294.429      486.265      1.96280     0.904126
      538.114      557.665      1.94892     0.920185
      635.523      392.526      1.94562     0.927352
      535.334      318.551      1.94486     0.942569
      54.7145      629.055      1.94170     0.884268
      352.798      512.005      1.92808     0.951164
      32.1695      34.0235      1.92561     0.795906
      261.179      258.053      1.92256     0.864466
      375.894      609.121      1.91381     0.953268
      249.204      569.985      1.91378     0.917681
      233.630      251.713      1.91255     0.919696
      333.149      177.548      1.91026     0.953381
      10.9244      51.1978      1.90521     0.925191
      423.752      593.002      1.89302     0.921870
      423.785      298.332      1.88236     0.880461
      109.806      476.325      1.88190     0.861296
      648.945      431.731      1.88075     0.923882
      297.006      230.532      1.87896     0.990004
      543.828      268.766      1.87886     0.811815
      113.631      434.736      1.87002     0.888092
      308.915      218.490      1.86216     0.926084
      15.6368      27.8326      1.85479     0.778892
      486.580      266.282      1.85307     0.896013
      299.296      526.411      1.85261     0.920764
      394.210      304.568      1.85184     0.869463
      185.636      613.474      1.85112     0.939305
      386.813      153.346      1.84919     0.934282
      105.902      590.670      1.84872     0.899754
      451.696      232.158      1.84856     0.942039
      519.376      399.728      1.84489     0.764681
      506.413      554.594      1.84129     0.963980
      7.43557      494.422      1.83601     0.872913
      433.174      145.665      1.83435     0.889684
      8.87651      117.106      1.83275     0.844416
      246.866      212.581      1.83159     0.723231
      531.823      361.100      1.82969     0.744353
      612.050      453.369      1.82531     0.957319
      523.418      234.718      1.82231     0.918240
      168.897      536.742      1.82227     0.843350
      244.131      368.088      1.82126     0.907694
      504.997      634.503      1.81838     0.902803
      65.7040      169.619      1.81197     0.943729
      129.012      607.364      1.81063     0.932660
      617.385      60.4985      1.80159     0.937048
      548.177      218.644      1.80091     0.897020
      570.677      366.190      1.79960     0.836110
      353.356      84.8896      1.79741     0.939730
      474.543      459.608      1.79592     0.915521
      302.111      221.549      1.77831     0.968200
      74.7652      191.782      1.77584     0.862237
      632.356      439.712      1.77447     0.894958
      228.321      310.438      1.77248     0.863412
      286.750      39.7803      1.77197     0.837256
      103.351      142.868      1.77145     0.937882
      61.1962      285.219      1.76594     0.889909
      256.847      613.673      1.76100     0.848232
      188.589      432.060      1.76061     0.945016
      461.698      645.730      1.75972     0.891150
      161.570      109.797      1.75782     0.928927
      465.937      525.904      1.75724     0.886399
      10.2814      538.726      1.75690     0.844274
      48.0753      644.536      1.75596     0.983095
      146.541      382.485      1.75496     0.942889
      601.796      160.978      1.75275     0.874465
      21.2081      487.480      1.74860     0.828447
      279.416      474.485      1.74266     0.938235
      443.769      184.038      1.73905     0.838049
      19.6818      414.142      1.73803     0.804441
      150.042      187.174      1.73186     0.927408
      472.376      253.056      1.72350     0.906010
      308.545      2.54537      1.72176     0.949623
      640.963      257.366      1.72160     0.913929
      309.313      30.9044      1.72110     0.881946
      57.8395      566.157      1.72087     0.900303
      546.358      209.530      1.72020     0.957041
      57.2713      78.6714      1.71220     0.938814
      155.823      385.284      1.71166     0.779586
      425.993      444.065      1.71143     0.826334
      31.0203      6.52296      1.70864     0.898473
      300.281      50.9645      1.70864     0.933014
      128.424      583.148      1.70818     0.926405
      622.267      265.808      1.70680     0.886627
      102.424      212.902      1.69909     0.930570
      542.432      144.678      1.69697     0.938411
      470.586      430.417      1.69582     0.959740
      496.296      300.411      1.69500     0.800831
      228.957      544.201      1.69252     0.877524
      341.374      575.262      1.68937     0.887511
      307.222      354.262      1.68916     0.821448
      6.31262      604.164      1.68445     0.893003
      551.860      205.539      1.67844     0.924908
      285.416      372.597      1.67613     0.938209
      329.259      137.894      1.66687     0.966429
      13.2979      26.1838      1.66188     0.836937
      653.737      314.622      1.65987     0.914271
      417.573      336.078      1.65584     0.957501
      130.872      490.728      1.65036     0.898490
      169.378      500.156      1.64681     0.868136
      73.7628      209.162      1.64408     0.897879
      114.154      111.727      1.63889     0.891153
      575.452      642.784      1.63873     0.904258
      19.3510      485.788      1.63603     0.913669
      121.818      565.765      1.63500     0.841348
      496.025      476.371      1.63479     0.812212
      207.742      481.379      1.63293     0.887011
      396.207      323.894      1.63091     0.833123
      444.398      337.004      1.62495     0.908822
      533.779      152.103      1.61973     0.871333
      636.800      163.062      1.61950     0.883666
      600.211      25.0987      1.61726     0.781816
      464.797      100.899      1.61469     0.881246
      224.093      439.250      1.61391     0.818786
      112.072      52.2600      1.60926     0.855095
      90.5163      49.9067      1.60392     0.918212
      602.443      196.142      1.60376     0.941703
      479.170      484.283      1.60133     0.907206
      73.3363      13.6049      1.59950     0.779955
      135.223      351.244      1.59720     0.929545
      354.307      339.023      1.59695     0.926386
      550.690      396.595      1.59527     0.916716
      74.1038      514.707      1.59436     0.833158
      646.740      367.543      1.58538     0.910383
      27.9946      29.1896      1.57881     0.805719
      289.333      502.148      1.57594     0.929638
      634.091      470.645      1.56827     0.907964
      418.261      358.314      1.56496     0.900964
      209.315      434.102      1.56306     0.944580
      393.733      200.496      1.56119     0.925668
      34.7479      23.3696      1.56032     0.837694
      636.645      204.423      1.55371     0.881485
      63.8254      53.4082      1.55362     0.712977
      321.496      365.229      1.54763     0.956579
      521.381      569.911      1.54713     0.963417
      541.809      185.939      1.54455     0.960620
      409.489      645.467      1.54395     0.880213
      148.505      320.388      1.53742     0.752695
      343.654      34.7505      1.53188     0.869550
      332.305      23.4839      1.53074     0.831151
      136.429      214.933      1.52655     0.951424
      306.489      342.482      1.52514     0.859289
      79.2154      307.600      1.52119     0.770162
      304.211      5.34049      1.51514     0.816585
      30.5517      364.229      1.51487     0.882116
      231.613      278.911      1.50977     0.810895
      582.799      461.584      1.50576     0.929057
      157.080      564.907      1.50496     0.896050
      649.928      208.433      1.50331     0.968364
      116.976      236.236      1.50240     0.773870
      79.6866      263.685      1.49421     0.885708
      591.584      140.600      1.49393     0.959638
      449.276      379.275      1.49147     0.820217
      536.087      22.3641      1.48539     0.815307
      111.270      154.592      1.48333     0.943784
      282.908      613.651      1.48040     0.855918
      571.530      277.376      1.47829     0.917327
      346.593      77.7508      1.47694     0.928230
      90.5267      101.773      1.47466     0.917171
      175.653      493.508      1.47296     0.971864
      344.693      161.628      1.46952     0.922807
      306.188      302.021      1.46784     0.950430
      520.875      160.472      1.46593     0.970967
      121.228      399.833      1.46363     0.840560
      254.279      629.501      1.45574     0.907177
      284.825      358.549      1.45568     0.969299
      119.335      184.391      1.45224     0.935207
      38.7742      187.652      1.44900     0.802653
      198.432      519.896      1.44755     0.886157
      126.567      285.521      1.44287     0.980625
      612.631      414.191      1.43591     0.895573
      342.845      508.401      1.43384     0.930295
      231.290      492.521      1.43303     0.922022
      157.060      368.625      1.43072     0.902837
      391.551      625.105      1.42992     0.988895
      200.973      357.072      1.42896     0.831569
      436.247      338.537      1.42686     0.941065
      172.143      94.8970      1.42669     0.941701
      15.8166      21.4966      1.42500     0.898860
      625.508      31.7646      1.41666     0.931297
      556.510      383.249      1.41035     0.761895
      519.819      29.3707      1.41029     0.815644
      378.562      181.353      1.40197     0.904479
      274.206      2.30434      1.39825     0.876055
      88.2527      48.6787      1.39240     0.865467
      234.244      400.939      1.38686     0.861990
      630.324      595.396      1.38469     0.872822
      394.568      182.744      1.38236     0.912466
      485.529      424.881      1.38161     0.942699
      90.2524      58.3325      1.38031     0.937405
      583.433      201.116      1.37976     0.945353
      587.897      414.888      1.37939     0.866255
      553.271      590.411      1.37720     0.866153
      279.752      643.559      1.37617     0.897640
      249.092      644.286      1.37446     0.972901
      650.389      616.701      1.36842     0.967646
      428.542      507.822      1.36497     0.957503
      266.700      550.063      1.36496     0.926919
      146.210      523.207      1.36273     0.808128
      84.1892      52.2611      1.36202     0.878675
      202.200      217.755      1.36019     0.793065
      401.423      227.234      1.35956     0.885791
      296.591      543.243      1.35901     0.884030
      282.156      616.769      1.35748     0.834516
      608.925      188.800      1.35686     0.900261
      421.565      333.147      1.35684     0.819005
      174.418      314.721      1.35650     0.919679
      254.657      567.684      1.35458     0.701299
      568.418      453.401      1.35236     0.952974
      378.555      117.804      1.35171     0.934575
      264.505      308.029      1.34766     0.873407
      229.792      357.700      1.34619     0.896388
      389.283      106.497      1.34549     0.862729
      81.9533      84.3035      1.34440     0.894814
      650.031      266.880      1.34391     0.894221
      508.731      307.249      1.34102     0.940567
      492.032      414.204      1.33402     0.805824
      621.673      520.402      1.33324     0.886505
      276.308      458.102      1.33069     0.969955
      564.176      349.379      1.33046     0.928091
      173.288      550.871      1.33035     0.875683
      279.508      66.2089      1.32975     0.944854
      63.6020      56.3536      1.32894     0.857094
      159.346      445.892      1.32766     0.969638
      576.861      163.638      1.32423     0.919007
      57.8806      471.730      1.32185     0.821429
      472.938      336.732      1.32071     0.733767
      589.721      355.703      1.31432     0.928255
      24.5142      559.044      1.31268     0.986428
      611.642      161.231      1.31223     0.829866
      422.886      584.798      1.31048     0.822595
      531.435      386.340      1.30884     0.917887
      85.6018      451.950      1.30386     0.947044
      105.221      171.353      1.30158     0.924168
      432.893      523.712      1.30004     0.916837
      355.269      561.691      1.29982     0.942631
      345.573      480.452      1.29951     0.914002
      599.140      620.523      1.29165     0.897033
      13.6714      562.293      1.29028     0.916859
      383.375      441.440      1.28895     0.901010
      492.687      66.6161      1.28790     0.934204
      398.472      577.553      1.28582     0.897639
      387.017      43.2185      1.28573     0.840820
      28.5380      462.983      1.27906     0.909572
      243.311      258.512      1.27533     0.968440
      201.607      57.0489      1.27298     0.919033
      122.497      9.57332      1.27158     0.909403
      35.6346      477.627      1.26845     0.904261
      559.507      69.4689      1.26523     0.928649
      617.127      23.8881      1.26356     0.861110
      201.834      267.654      1.25985     0.856109
      122.465      180.901      1.25618     0.897230
      503.348      309.404      1.25377     0.943911
      291.451      419.778      1.25298     0.890490
      403.132      9.54340      1.24827     0.940644
      568.133      109.204      1.24823     0.904887
      299.083      584.049      1.24575     0.959794
      244.946      348.635      1.24560     0.797162
      117.543      125.304      1.24554     0.801396
      573.866      266.396      1.24235     0.954061
      73.7285      61.3568      1.24008     0.838263
      222.601      636.718      1.23922     0.887018
      174.142      275.433      1.23416     0.905836
      233.911      265.052      1.23320     0.967525
      462.066      357.996      1.23193     0.976936
      401.271      53.2280      1.22981     0.880976
      290.173      543.128      1.22349     0.861055
      552.272      172.290      1.22208     0.838904
      419.297      350.926      1.22076     0.875806
      152.779      494.948      1.21805     0.835781
      336.822      81.3355      1.21601     0.740134
      391.686      638.489      1.21448     0.891643
      339.758      507.213      1.21414     0.777273
      192.091      379.677      1.21402     0.818944
      447.455      211.645      1.21371     0.887463
      154.623      32.3290      1.20945     0.897953
      226.684      226.214      1.20929     0.779934
      196.518      334.255      1.20768     0.881988
      276.924      472.495      1.20301     0.810740
      101.409      162.604      1.19727     0.886220
      334.588      437.006      1.19718     0.825094
      30.5140      460.417      1.19652     0.786609
      613.338      331.937      1.19547     0.895383
      157.768      644.686      1.19109     0.824844
      277.630      225.490      1.19013     0.960830
      100.933      478.583      1.18603     0.977738
      344.056      314.399      1.18529     0.929644
      128.211      480.361      1.18382     0.771511
      360.594      236.626      1.18320     0.908542
      271.528      450.051      1.17866     0.933286
      170.736      326.982      1.17788     0.916362
      33.3897      186.126      1.17654     0.882332
      648.114      205.705      1.17454     0.842535
      460.346      416.403      1.17400     0.883300
      25.7601      187.700      1.17354     0.892563
      412.564      396.627      1.17307     0.841186
      583.861      560.642      1.16827     0.931511
      249.427      91.9236      1.16781     0.973525
      535.731      256.197      1.16779     0.849928
      226.388      146.244      1.16776     0.932755
      568.356      623.582      1.16535     0.927036
      290.675      483.473      1.16416     0.869441
      387.281      355.894      1.16197     0.886979
      199.259      556.573      1.15587     0.869001
      10.7839      24.9941      1.15504     0.837298
      602.421      539.475      1.15302     0.979384
      26.6986      465.968      1.15152     0.821088
      598.668      34.5921      1.15146     0.921198
      391.237      591.989      1.15115     0.858603
      129.650      340.894      1.15103     0.865379
      477.827      335.859      1.15063     0.866707
      137.288      199.765      1.14810     0.852488
      53.7398      257.695      1.14582     0.841745
      388.390      125.048      1.14522     0.922157
      391.821      442.204      1.13731     0.733195
      286.113      595.259      1.13708     0.868910
      647.471      384.487      1.13510     0.926345
      314.308      167.559      1.13261     0.802509
      623.206      7.44927      1.13173     0.919830
      550.765      345.040      1.13123     0.947839
      317.902      77.5537      1.13000     0.917852
      252.135      169.507      1.12884     0.911605
      456.771      207.343      1.12709     0.817967
      255.002      554.687      1.12624     0.917748
      434.825      336.118      1.12453     0.787846
      371.151      604.259      1.12358     0.833762
      598.696      571.442      1.11945     0.928710
      467.867      141.024      1.11773     0.886520
      509.673      644.018      1.11753     0.886534
      23.6060      466.167      1.11299     0.796438
      533.441      79.4671      1.11126     0.933829
      384.852      142.307      1.11105     0.817288
      33.6878      455.103      1.11101     0.967121
      535.890      366.172      1.11058     0.775009
      259.675      41.9439      1.10915     0.901268
      227.846      386.529      1.10864     0.909308
      231.298      17.9136      1.10821     0.825942
      302.053      586.071      1.10659     0.882459
      403.440      125.028      1.10630     0.985203
      635.564      185.892      1.10454     0.799401
      564.644      378.451      1.10109     0.857173
      292.258      394.426      1.10058     0.935282
      592.862      27.6490      1.09962     0.788455
      414.793      297.032      1.09896     0.772397
      157.192      638.058      1.09513     0.973045
      374.332      650.812      1.09225     0.867123
      329.423      538.431      1.08844     0.951610
      492.364      50.1420      1.08666     0.931337
      99.9809      352.644      1.08490     0.905814
      24.5108      469.869      1.08379     0.882334
      461.519      229.593      1.08279     0.916248
      424.239      589.841      1.08189     0.809342
      473.868      269.998      1.08177     0.848036
      319.080      368.899      1.07890     0.963062
      546.396      249.205      1.07819     0.947503
      244.114      78.3615      1.07679     0.881706
      329.956      619.036      1.07582     0.796727
      26.4665      323.840      1.07013     0.752531
      26.2573      23.0105      1.06892     0.710226
      493.255      617.755      1.06843     0.873482
      275.311      136.247      1.06581     0.805815
      117.154      189.601      1.06550     0.917808
      471.415      472.875      1.06270     0.777487
      649.729      90.6242      1.06261     0.954148
      218.779      155.764      1.05830     0.903737
      509.022      415.374      1.05827     0.881548
      616.727      410.417      1.05764     0.888673
      438.709      449.297      1.05620     0.860717
      202.463      90.7765      1.05559     0.778651
      446.888      636.449      1.05355     0.926160
      186.821      524.920      1.05334     0.933359
      259.487      409.384      1.05170     0.745945
      340.361      360.294      1.04815     0.853918
      125.201      403.291      1.04738     0.811475
      357.646      589.023      1.04674     0.895894
      49.6048      240.945      1.04629     0.898715
      482.776      514.707      1.04438     0.752525
      254.934      61.5463      1.04056     0.965421
      7.00584      536.630      1.03718     0.931502
      154.316      114.913      1.03694     0.787017
      244.801      331.871      1.03336     0.780690
      625.470      155.710      1.03244     0.872319
      257.522      508.287      1.03244     0.947317
      456.475      3.91755      1.03182     0.861199
      78.2730      104.432      1.02792     0.970302
      347.791      563.454      1.02754     0.890561
      599.472      38.4762      1.02735     0.936902
      599.459      616.185      1.02650     0.934210
      270.153      626.650      1.02370     0.980115
      13.4892      533.973      1.01681     0.748468
      206.725      142.296      1.01525     0.936375
      582.269      278.491      1.01510     0.880669
      106.365      202.450      1.01204     0.954936
      279.593      467.782      1.01118     0.734210
      539.434      458.350      1.00953     0.868993
      42.3364      397.998      1.00834     0.922802
      427.910      47.4628      1.00724     0.827265
      282.638      610.759      1.00694     0.836217
      420.381      338.502      1.00403     0.872052
      161.084      173.632      1.00367     0.892955
      521.595      249.129      1.00244     0.911572
      68.3413      609.455      1.00199     0.889961
      276.226      585.169      1.00165     0.895672
      424.182      35.4076      1.00068     0.938754
      177.476      218.279      1.00017     0.922469
      576.257      259.679     0.999254     0.892113
      179.264      389.335     0.998384     0.795745
      61.4080      488.363     0.995044     0.926436
      649.680      584.508     0.991642     0.859984
      369.329      169.187     0.991205     0.837109
      16.4185      478.562     0.989845     0.979136
      447.407      223.578     0.989500     0.859323
      10.6495      255.728     0.988907     0.916091
      580.907      634.459     0.987691     0.891197
      275.306      215.447     0.987327     0.908807
      236.656      73.0015     0.985681     0.894407
      649.518      556.440     0.984696     0.891701
      399.035      233.642     0.982754     0.966492
      28.2444      216.680     0.980984     0.848130
      647.527      309.360     0.979861     0.871715
      402.335      496.259     0.978890     0.925466
      272.672      187.521     0.978340     0.888521
      348.279      95.2894     0.976482     0.879774
      7.69177      539.686     0.976453     0.851223
      528.738      562.182     0.972584     0.935634
      243.889      398.554     0.972067     0.850235
      453.429      31.4243     0.969650     0.847069
      231.402      118.532     0.969199     0.970565
      125.280      555.351     0.966950     0.841822
      96.5538      560.882     0.966163     0.928171
      397.089      541.543     0.965485     0.983933
      184.610      235.913     0.962467     0.857738
      299.373      79.2776     0.959482     0.760777
      56.1637      102.315     0.959442     0.895650
      349.739      220.744     0.956482     0.871087
      329.604      155.228     0.955245     0.846029
      10.7118      528.187     0.954729     0.965837
      37.7061      648.506     0.950571     0.921185
      601.178      612.598     0.949412     0.738153
      357.647      359.336     0.949131     0.756553
      619.706      47.7458     0.945603     0.904708
      507.871      237.142     0.944592     0.815721
      48.6203      213.727     0.944033     0.900956
      525.249      382.496     0.942159     0.933996
      372.079      636.317     0.940504     0.793299
      332.084      30.7188     0.938731     0.826835
      600.938      22.7914     0.936699     0.912038
      267.571      534.765     0.936201     0.875232
      408.283      4.50461     0.934785     0.889928
      105.659      544.585     0.934373     0.786762
      134.674      213.441     0.933374     0.932915
      146.732      197.836     0.933014     0.800725
      67.5882      273.673     0.931583     0.937772
      452.305      485.148     0.930926     0.861903
      220.352      586.158     0.930853     0.818880
      439.900      406.885     0.930848     0.831648
      95.3265      291.055     0.929147     0.944570
      535.489      168.674     0.927775     0.894853
      7.31812      524.051     0.926244     0.977034
      106.733      348.264     0.922094     0.719435
      56.8555      28.6409     0.920473     0.927960
      362.775      524.084     0.919950     0.880626
      402.905      239.088     0.919756     0.918566
      361.104      256.525     0.919644     0.933314
      60.4007      131.045     0.918406     0.829127
      452.937      173.100     0.915463     0.925020
      4.35707      168.277     0.912439     0.932761
      252.006      111.829     0.911417     0.865309
      270.769      364.404     0.910194     0.885107
      411.068      238.539     0.908902     0.900886
      4.37485      559.553     0.908688     0.881208
      92.7579      388.362     0.907680     0.817366
      588.766      96.1435     0.906992     0.811599
      272.865      424.956     0.905903     0.899907
      389.915      340.956     0.905341     0.899810
     0.665042      586.380     0.904958     0.909656
      71.8067      487.446     0.904604     0.900067
      362.066      464.116     0.904113     0.963637
      375.172      460.238     0.900019     0.749903
      217.117      70.8165     0.899692     0.841706
      59.7918      297.247     0.899383     0.784052
      499.490      85.1524     0.899108     0.923016
      648.109      243.145     0.898824     0.829344
      324.888      58.5939     0.898571     0.794491
      437.015      266.236     0.897797     0.788981
      42.8691      210.454     0.896740     0.770371
      25.7140      112.852     0.896482     0.878869
      131.508      133.269     0.895722     0.880368
      123.357      286.695     0.894727     0.820268
      150.763      155.857     0.891774     0.917919
      267.183      619.880     0.889498     0.899412
      416.144      329.182     0.888909     0.885028
      138.617      132.896     0.888777     0.810012
      299.457      463.117     0.888705     0.923648
      532.394      515.605     0.887645     0.889027
      274.215      433.192     0.887017     0.946600
      284.625      169.423     0.883832     0.893408
      308.894      352.032     0.883527     0.907998
      415.463      141.702     0.883269     0.909765
      578.724      446.807     0.881986     0.887782
      366.537      17.0935     0.881348     0.960995
      140.793      374.671     0.880132     0.757647
      384.943      635.153     0.879751     0.765337
      444.737      186.936     0.876605     0.810119
      541.223      6.82429     0.876419     0.728228
      319.961      437.752     0.875351     0.816960
      69.4556      371.724     0.874149     0.914333
      307.446      327.112     0.873869     0.863438
      614.137      213.163     0.873612     0.887178
      150.923      208.483     0.873525     0.905735
      243.916      290.508     0.872271     0.843275
      209.918      374.177     0.871711     0.881797
      417.439      47.0898     0.871209     0.971455
      80.9871      450.952     0.871089     0.808860
      443.028      158.592     0.869566     0.937435
      434.561      389.130     0.869543     0.823032
      649.397      591.914     0.869212     0.985042
      420.184      19.9990     0.869059     0.904853
      138.361      56.8274     0.868068     0.856563
      613.737      209.397     0.867032     0.888948
      365.735      60.4396     0.862386     0.801104
      302.148      53.4979     0.862008     0.978935
      293.756      57.6264     0.860482     0.838964
      283.530      449.128     0.858452     0.876576
      12.4111      32.8995     0.857552     0.901316
      653.156      349.109     0.855911     0.848474
      509.255      337.303     0.855825     0.867807
      22.3756      394.381     0.854823     0.788951
      9.80319      75.2646     0.852731     0.887118
      593.034      98.3751     0.851390     0.828791
      9.28895      415.490     0.849681     0.905872
      202.756      252.379     0.848266     0.792732
      422.423      90.2547     0.847395     0.901892
      236.699      210.374     0.844571     0.869224
      528.444      106.205     0.842940     0.932796
      371.433      133.729     0.841100     0.818740
      72.3938      551.283     0.840809     0.880539
      555.348      268.662     0.840249     0.815148
      109.409      345.725     0.838665     0.919283
      135.468      505.262     0.838142     0.937726
      271.922      571.416     0.838046     0.871842
      320.036      58.4624     0.836535     0.866241
      393.290      216.645     0.835835     0.880925
      260.977      25.4634     0.834085     0.871498
      226.635      32.6851     0.833293     0.898344
      414.432      200.137     0.832858     0.954611
      481.910      416.728     0.831604     0.833966
      85.8248      289.482     0.829058     0.872799
      171.935      645.734     0.828037     0.824388
      506.487      356.140     0.827658     0.869672
      407.880      555.516     0.824651     0.817524
      322.933      640.780     0.824236     0.889271
      292.818      375.504     0.823718     0.791048
      9.20308      22.5812     0.823573     0.731626
      251.693      321.611     0.822314     0.831362
      104.863      553.622     0.821649     0.916389
      188.635      411.012     0.821442     0.954795
      354.839      298.546     0.820625     0.901778
      436.841      154.953     0.820385     0.756006
      287.101      332.974     0.818633     0.850022
      607.487      515.037     0.817305     0.844970
      185.473      260.146     0.817206     0.869132
      22.5815      88.6894     0.816268     0.850595
      166.942      209.388     0.816251     0.885568
      356.485      160.413     0.816149     0.944823
      414.985      495.804     0.815930     0.885844
      587.806      322.555     0.813001     0.901674
      608.978      178.518     0.812217     0.938314
      118.558      250.537     0.811012     0.967318
      387.095      132.417     0.809616     0.872022
      229.581      196.480     0.806384     0.926376
      529.120      316.628     0.805512     0.893104
      222.683      76.9606     0.803841     0.928823
      399.249      50.6060     0.802456     0.929334
      364.419      544.727     0.801707     0.921826
      239.647      491.720     0.801435     0.875427
      617.410      68.2964     0.801112     0.934750
      188.473      557.855     0.801083     0.983828
      94.3198      124.907     0.800336     0.930779
      577.329      273.568     0.796864     0.954850
      535.607      538.842     0.796274     0.910069
      33.2170      445.586     0.792571     0.959748
      591.990      372.082     0.792340     0.868988
      104.760      579.866     0.789958     0.851174
      640.293      567.670     0.789896     0.856352
      43.6511      60.5049     0.787504     0.927685
      557.095      278.543     0.786939     0.969715
      84.8105      265.563     0.783635     0.852319
      468.445      485.691     0.782011     0.874421
      53.3262      400.753     0.779545     0.796074
      599.202      452.167     0.779529     0.931623
      443.731      583.390     0.779502     0.826800
      370.004      293.982     0.778179     0.898184
      396.861      650.472     0.777775     0.848825
      166.368      143.044     0.776170     0.974277
      111.365      188.692     0.775226     0.902508
      188.381      301.466     0.774399     0.948496
      69.2502      220.229     0.771823     0.835838
      28.8087      610.357     0.771343     0.846151
      183.485      175.183     0.769515     0.914423
      595.999      564.936     0.765391     0.964598
      324.903      386.905     0.764564     0.898382
      112.304      480.440     0.764113     0.925254
      394.304      630.246     0.762605     0.814351
      258.744      107.767     0.762514     0.723866
      161.239      615.558     0.761956     0.871774
      186.729      541.356     0.759239     0.893773
      21.4864      175.281     0.757592     0.925319
      405.208      155.193     0.756231     0.903138
      580.217      538.274     0.756182     0.714622
      300.424      56.9303     0.755733     0.922978
      14.0777      329.370     0.755393     0.719893
      148.918      446.747     0.754989     0.951665
      218.763      386.298     0.754456     0.932479
      478.312      247.504     0.754416     0.923416
      290.546      620.139     0.753743     0.981809
      615.632      638.585     0.752341     0.728777
      163.226      178.268     0.751512     0.852011
      612.641      571.125     0.751501     0.823681
      613.620      632.498     0.748909     0.856246
      10.2971      6.14963     0.748751     0.800563
      526.858      437.991     0.748683     0.871965
      451.545      633.406     0.747657     0.903155
      256.333      398.061     0.747204     0.922675
      440.926      254.716     0.746334     0.821134
      637.403      78.0410     0.744681     0.955935
      627.701      285.819     0.744142     0.742561
      568.428      226.527     0.743698     0.922626
      502.458      224.158     0.743372     0.711107
      9.66508      198.605     0.742894     0.936808
      425.296      601.605     0.742792     0.960311
      298.866      332.282     0.742654     0.879550
      388.134      627.776     0.742443     0.753059
      318.654      44.4552     0.741884     0.930447
      654.368      502.836     0.740824     0.785399
      110.223      240.655     0.740497     0.807468
      107.847      377.947     0.739740     0.802510
      196.664      133.418     0.739487     0.869548
      77.6916      67.8372     0.737433     0.883074
      432.201      270.443     0.737292     0.977376
      558.468      434.695     0.735993     0.932958
      354.650      210.709     0.735618     0.859137
      346.219      71.4136     0.735080     0.836015
      516.437      164.995     0.734519     0.895000
      9.47670      160.648     0.734061     0.949331
      632.854      630.439     0.731883     0.913417
      282.434      477.167     0.729165     0.734643
      302.504      469.143     0.728782     0.970659
      584.420      281.406     0.728473     0.969777
      207.287      244.626     0.727401     0.823027
      445.220      573.516     0.726711     0.908111
      16.3357      181.191     0.725354     0.862995
      593.819      199.531     0.724224     0.854970
      390.473      530.522     0.724171     0.975841
      91.3187      182.777     0.723104     0.757045
      10.1801      493.880     0.722413     0.700111
      635.688      359.267     0.721957     0.855114
      4.21045      9.09132     0.721508     0.871700
      259.467      569.515     0.721404     0.861937
      190.434      317.600     0.719578     0.723208
      552.961      392.976     0.719218     0.877676
      480.839      616.481     0.714535     0.891021
      283.722      463.521     0.712964     0.918314
      141.829      595.036     0.711670     0.941522
      76.2832      210.128     0.711189     0.915780
      577.311      106.100     0.710510     0.902341
      292.758      635.829     0.709932     0.950238
      585.940      200.436     0.708979     0.745392
      202.482      286.623     0.708329     0.908026
      604.274      373.225     0.707558     0.932260
      178.794      485.219     0.705170     0.910239
      653.498      533.706     0.704229     0.937503
      532.538      513.177     0.703625     0.836625
      139.325      439.521     0.703266     0.887742
      30.3754      454.171     0.703194     0.809185
      530.727      620.065     0.702906     0.829144
      78.6022      156.447     0.701715     0.900593
      184.564      62.5387     0.701532     0.962177
      434.961      51.6473     0.700786     0.726425
      373.395      597.827     0.698144     0.915991
      435.925      445.285     0.696785     0.815897
      541.661      332.060     0.695156     0.932986
      609.380      247.434     0.692481     0.924893
      353.655      229.197     0.691726     0.917389
      219.538      649.357     0.689455     0.917305
      64.3760      414.621     0.688885     0.890618
      453.395      454.107     0.687615     0.975797
      324.301      437.064     0.685800     0.893110
      425.260      77.6577     0.682702     0.789228
      35.6646      188.734     0.682494     0.780928
      186.770      434.610     0.682419     0.817188
      532.181      525.381     0.682129     0.772138
      565.041      503.565     0.681712     0.967752
      151.621      637.769     0.680901     0.928979
      428.779      403.975     0.680796     0.824196
      363.252      435.945     0.680122     0.823583
      192.365      268.624     0.680055     0.860901
      629.013      192.493     0.679421     0.832876
      627.400      201.468     0.679356     0.762473
      51.3757      48.9890     0.679273     0.801927
      209.278      458.550     0.678396     0.887605
      492.008      42.9603     0.678264     0.875222
      112.924      259.592     0.678061     0.910345
      14.4257      485.586     0.677561     0.756677
      32.8581      164.803     0.675579     0.814423
      364.488      359.800     0.675095     0.920721
      228.981      525.633     0.674907     0.931598
      552.663      445.156     0.674861     0.926725
      345.274      103.039     0.674839     0.924849
      639.270      219.600     0.674777     0.838642
      321.389      408.102     0.674620     0.890598
      406.196      238.922     0.673125     0.870751
      192.234      298.555     0.672887     0.949802
      99.5497      280.293     0.672731     0.904792
      423.429      180.183     0.672533     0.916975
      105.202      206.188     0.671981     0.756083
      541.885      142.325     0.670380     0.831479
      208.257      530.061     0.669681     0.846872
      318.482      366.138     0.668316     0.935521
      407.248      646.134     0.667414     0.794992
      632.095      359.597     0.666691     0.869064
      521.332      494.128     0.666278     0.848840
      285.646      560.010     0.666203     0.931497
      557.650      28.7526     0.665531     0.900841
      291.712      219.805     0.665336     0.898308
      8.96545      480.365     0.665029     0.853834
      536.218      647.209     0.664786     0.858399
      451.807      609.665     0.663618     0.878868
      547.725      415.754     0.663055     0.894037
      586.193      491.372     0.663003     0.846101
      602.670      327.743     0.662995     0.907155
      314.321      128.296     0.662410     0.703549
      536.767      336.448     0.662322     0.880273
      217.699      323.142     0.662274     0.828974
      405.188      606.130     0.661537     0.814616
      38.8738      444.564     0.661454     0.792517
      269.016      260.444     0.660357     0.929589
      553.068      316.934     0.659971     0.925771
      564.417      417.885     0.659614     0.907391
      14.7209      213.186     0.659073     0.846020
      632.305      433.555     0.658733     0.746268
      432.425      418.011     0.658375     0.844459
      573.175      583.904     0.658212     0.884176
      493.187      311.479     0.656650     0.903147
      165.202      296.741     0.656486     0.902793
      288.895      301.124     0.656088     0.951723
      20.9138      467.381     0.655443     0.901079
      499.938      360.264     0.655364     0.899654
      159.830      167.473     0.653623     0.803970
      203.722      540.089     0.653447     0.857843
      209.877      278.885     0.652651     0.863785
      260.187      226.135     0.652632     0.774855
      290.437      125.499     0.652277     0.976960
      283.208      646.990     0.652151     0.817227
      106.380      603.907     0.651669     0.921810
      238.310      524.270     0.650541     0.846728
      338.208      151.513     0.650173     0.898259
      265.648      637.025     0.649131     0.970769
      610.307      521.962     0.648666     0.734793
      247.551      456.409     0.648161     0.864671
      218.220      45.3559     0.644507     0.875050
      55.7118      200.788     0.643875     0.853662
      110.766      117.246     0.643452     0.859379
      624.670      143.366     0.643209     0.905067
      67.5824      195.766     0.642792     0.897784
      167.086      167.478     0.642741     0.843542
      50.1679      609.095     0.642633     0.787672
      163.484      489.592     0.642422     0.945224
      310.677      493.366     0.641665     0.825301
      192.623      308.606     0.641259     0.831763
      386.298      272.201     0.641064     0.852512
      209.473      515.649     0.640688     0.945321
      164.979      630.003     0.640078     0.863612
      310.971      126.983     0.639776     0.779609
      598.396      333.343     0.639641     0.850606
      453.243      406.757     0.638899     0.905294
      35.6865      86.3905     0.638205     0.835801
      105.621      450.288     0.636773     0.843980
      288.355      135.213     0.636745     0.899330
     0.476185      568.448     0.636536     0.956262
      122.230      187.456     0.635590     0.778486
      12.4287      536.575     0.634128     0.830986
      6.16721      635.689     0.633382     0.898589
      358.115      284.919     0.633145     0.709036
      239.641      632.849     0.632971     0.853402
      247.391      550.093     0.632883     0.984575
      171.336      331.178     0.632360     0.801386
     0.610227      96.3560     0.632129     0.886266
      299.753      327.065     0.631683     0.805597
      404.115      600.342     0.631361     0.934615
      54.2098      247.120     0.630201     0.862741
      328.227      22.2996     0.630110     0.886608
      359.986      523.183     0.629724     0.804496
      255.360      158.133     0.629293     0.870175
      122.333      440.074     0.628471     0.807216
      621.008      217.975     0.627633     0.870748
      145.862      304.754     0.627616     0.822198
      475.556      476.825     0.627613     0.845880
      165.425      291.139     0.625436     0.734125
      185.978      350.491     0.623224     0.826047
      6.79117      134.771     0.622619     0.809908
      90.3640      193.497     0.622190     0.908128
      516.955      5.49113     0.621870     0.825907
      388.344      193.579     0.620783     0.836477
      492.202      484.001     0.620538     0.931474
      352.902      243.478     0.620484     0.798521
      273.719      635.646     0.620282     0.809721
      116.342      14.2013     0.617662     0.799873
      613.553      254.511     0.617243     0.871339
      32.9526      452.834     0.616510     0.789213
      372.893      473.376     0.615902     0.728913
      204.406      305.840     0.615789     0.868489
      374.021      213.835     0.615029     0.741134
      404.956      509.753     0.613865     0.856055
      499.970      478.883     0.612774     0.927346
      525.281      52.2531     0.612193     0.817828
      502.938      466.674     0.611811     0.930561
      587.690      603.797     0.611737     0.907842
      610.570      328.945     0.611243     0.939410
      352.041      250.038     0.609462     0.867494
      600.138      284.523     0.609160     0.897593
      31.2969      407.266     0.608590     0.749303
      376.535      279.496     0.608188     0.749715
      478.574      37.4985     0.607957     0.846295
      5.54444      488.438     0.607747     0.894545
      156.284      548.584     0.607525     0.868677
      109.286      629.641     0.607140     0.871182
      82.0447      129.520     0.606772     0.830351
      151.140      578.594     0.606630     0.905359
      167.717      621.284     0.606609     0.731128
      61.0542      169.622     0.605839     0.751934
      465.695      271.902     0.605476     0.899332
      561.222      366.929     0.605271     0.966351
      97.6837      110.945     0.605015     0.824458
      536.456      99.0788     0.604826     0.711149
      601.428      507.933     0.604791     0.842391
      463.865      407.465     0.604491     0.946093
      374.209      328.460     0.604046     0.822377
      520.403      337.675     0.603573     0.889213
      357.419      255.255     0.602506     0.905877
      307.944      61.9958     0.601906     0.871225
      372.824      421.911     0.600359     0.731382
      320.789      316.724     0.600064     0.869847
      155.821      86.6721     0.599666     0.929272
      7.29599      140.832     0.599368     0.918831
      618.511      359.267     0.598793     0.838475
      314.629      300.227     0.598355     0.849608
      85.4072      488.567     0.597372     0.866451
      428.494      216.449     0.597168     0.941021
      2.04189      319.613     0.596157     0.817403
      524.300      420.661     0.595198     0.851834
      368.475      324.274     0.594726     0.856345
      207.344      311.946     0.594325     0.763434
      329.936      628.916     0.594230     0.841390
      108.820      230.537     0.593642     0.800658
      103.071      278.280     0.593442     0.786496
      569.705      608.244     0.593027     0.871111
      307.876      311.023     0.593025     0.885380
      273.384      626.533     0.592944     0.965602
      127.080      89.6909     0.592366     0.883895
      517.677      106.977     0.591843     0.802148
      541.653      222.456     0.591510     0.915079
      53.3244      4.62974     0.591138     0.893602
      323.871      79.4179     0.590295     0.876699
      480.010      304.822     0.589723     0.802133
      255.330      621.185     0.589454     0.837723
      294.744      481.586     0.587363     0.853380
      29.6758      108.314     0.586311     0.848788
      317.164      235.409     0.586054     0.809064
      532.370      600.249     0.585739     0.774844
      278.423      331.009     0.585533     0.926274
      332.469      129.687     0.584735     0.917980
      618.957      99.3525     0.584540     0.813961
      126.380      458.183     0.584514     0.817496
      270.219      500.633     0.584039     0.802769
      447.612      431.493     0.583998     0.738236
      129.214      219.244     0.583741     0.854871
      207.333      162.390     0.583609     0.905009
      430.521      494.346     0.582160     0.941606
      436.082      508.228     0.582024     0.960650
      185.329      463.123     0.581962     0.921783
      222.061      151.125     0.581600     0.927601
      644.264      268.393     0.580585     0.909561
      30.2845      651.039     0.580294     0.933807
      517.354      392.154     0.580139     0.881866
      139.423      415.517     0.580085     0.926278
      386.323      187.912     0.580068     0.814840
      93.3574      603.277     0.578081     0.963890
      287.401      644.230     0.577968     0.809659
      498.868      413.014     0.577922     0.847876
      419.910      126.275     0.577849     0.864176
      147.832      526.837     0.577577     0.858396
      12.1831      230.803     0.576658     0.887452
      344.098      211.390     0.575998     0.906119
      331.245      612.707     0.575588     0.844089
      613.634      371.666     0.575393     0.886677
      424.855      225.537     0.574767     0.802445
      346.408      362.597     0.574586     0.892964
      535.968      108.579     0.573184     0.862367
      71.2120      87.0875     0.572815     0.802358
      168.449      473.899     0.572547     0.756386
      10.3219      175.024     0.571880     0.830722
      462.147      216.890     0.571865     0.891482
      472.059      331.846     0.570830     0.889665
      405.362      416.018     0.568657     0.931079
      156.026      119.408     0.567322     0.869018
      166.712      397.714     0.565709     0.897193
      179.439      25.5810     0.565471     0.764788
      236.384      85.8297     0.565257     0.918357
      516.665      259.080     0.564378     0.865594
      457.486      313.131     0.564325     0.956729
      527.213      123.978     0.563050     0.715882
      258.272      337.264     0.563013     0.813454
      600.571      260.735     0.562955     0.881674
      574.421      110.915     0.561972     0.942855
      319.817      19.0031     0.561719     0.821754
      366.724      136.727     0.561630     0.863372
      538.784      226.117     0.561541     0.854198
      97.5953      267.474     0.560350     0.951168
      141.258      132.952     0.560280     0.828702
      454.498      121.168     0.559175     0.838871
      537.149      398.485     0.559142     0.801093
      550.848      176.441     0.558876     0.839853
      177.639      232.650     0.558123     0.892695
      480.535      169.415     0.557572     0.836372
      319.849      327.856     0.557279     0.710867
      225.860      208.759     0.557119     0.792433
      649.703      516.831     0.556014     0.813398
      298.612      175.535     0.555844     0.866240
      434.628      169.520     0.555744     0.917357
      152.497      221.285     0.555477     0.795123
      360.506      585.341     0.555049     0.817064
      428.034      434.036     0.554352     0.808014
      231.379      539.342     0.553302     0.837912
      102.222      94.5485     0.553247     0.742378
      142.532      89.1146     0.552268     0.820626
      123.210      278.730     0.551441     0.903314
      337.480      19.3080     0.550722     0.783513
      502.689      314.284     0.550573     0.774016
      341.435      297.675     0.550249     0.886123
      28.0668      240.844     0.547853     0.911223
      643.183      602.073     0.547550     0.806287
      339.771      626.316     0.546681     0.770241
      137.386      450.115     0.546338     0.857051
      232.370      92.6441     0.545448     0.928605
      507.538      254.139     0.545208     0.927984
      46.1170      260.296     0.545121     0.849514
      459.077      646.454     0.545047     0.825222
      347.412      160.442     0.545025     0.860972
      48.2944      589.967     0.544772     0.964477
      71.8651      649.580     0.544105     0.965906
      272.356      271.720     0.544061     0.924758
      268.155      502.536     0.543274     0.807758
      133.199      332.814     0.543044     0.891965
      620.526      298.881     0.542930     0.801882
      407.951      89.6637     0.542462     0.878438
      364.726      280.416     0.542004     0.875859
      543.234      322.597     0.541800     0.928530
      530.302      270.409     0.541723     0.830954
      288.886      335.335     0.541682     0.894261
      356.429      192.693     0.540917     0.919584
      65.0072      303.467     0.540336     0.807733
      274.629      127.163     0.539925     0.855038
      402.910      513.100     0.539581     0.956147
      262.311      469.600     0.539516     0.884728
      446.255      70.6066     0.539051     0.943657
      103.255      186.268     0.538628     0.820247
      315.298      434.828     0.537047     0.741105
      240.324      438.757     0.535414     0.904957
      132.322      530.895     0.533328     0.842377
      479.242      298.990     0.532961     0.857881
      272.795      226.974     0.532749     0.865099
      73.3827      379.418     0.531786     0.850990
      267.482      194.062     0.531474     0.878208
      166.379      68.0141     0.530496     0.893352
      249.424      376.223     0.530174     0.743803
      428.944      145.688     0.530029     0.895285
      188.378      549.964     0.529281     0.980213
      538.364      42.3418     0.528297     0.854606
      120.331      8.31153     0.528083     0.827289
      402.509      15.4492     0.528050     0.953050
      72.0803      223.551     0.527032     0.915597
      140.984      604.436     0.526887     0.893403
      523.147      473.897     0.526674     0.862973
      53.8944      332.753     0.526214     0.911593
      111.151      178.827     0.525991     0.722263
      625.513      356.406     0.524582     0.901573
      101.375      535.757     0.524453     0.769509
      641.096      32.6998     0.522762     0.891763
      60.1007      3.46602     0.521802     0.870740
      440.554      296.544     0.520744     0.900324
      134.377      390.541     0.520595     0.906954
      436.765      468.744     0.519848     0.832369
      610.869      109.555     0.517798     0.956884
      74.5984      124.772     0.517444     0.923672
      141.368      152.946     0.516581     0.814780
      70.5523      115.482     0.516530     0.892231
      494.679      184.962     0.516124     0.765426
      18.5945      151.361     0.515749     0.818837
      229.977      566.963     0.515703     0.936440
      425.219      303.274     0.515292     0.816033
      240.846      41.6875     0.515177     0.878872
      119.719      383.066     0.514554     0.920727
      169.637      51.4677     0.514240     0.872059
      241.598      45.5508     0.513784     0.927786
      238.878      392.297     0.513306     0.836795
      28.5919      226.334     0.513271     0.916289
      277.098      628.952     0.511001     0.771577
      560.195      113.693     0.510761     0.710691
      544.591      1.43320     0.510206     0.815676
      100.389      191.259     0.510089     0.807494
      287.403      628.752     0.508984     0.863836
      131.502      268.995     0.508961     0.780542
      125.820      281.016     0.508855     0.900295
      347.944      205.831     0.508569     0.900452
      620.427      137.784     0.508346     0.882808
      639.334      283.716     0.507956     0.884100
      122.150      200.964     0.507314     0.798718
      209.096      407.962     0.506455     0.701725
      476.120      521.311     0.505559     0.901054
      477.484      589.519     0.504788     0.709558
      50.4664      435.881     0.504220     0.859494
      326.182      268.989     0.502722     0.728268
      577.247      543.504     0.502604     0.853002
      561.363      435.536     0.501838     0.895234
      468.179      174.383     0.501493     0.850975
      312.863      387.811     0.501263     0.733063
      344.253      78.9093     0.500836     0.889078
      303.429      504.086     0.499813     0.899783
      615.323      354.646     0.499802     0.829660
      573.253      438.186     0.499795     0.785423
      344.226      452.190     0.499626     0.835085
      580.866      266.556     0.499301     0.907138
      615.057      329.729     0.499117     0.879320
      652.646      620.229     0.498863     0.905629
      178.429      552.007     0.498796     0.806345
      367.502      632.061     0.498591     0.924741
      606.252      608.288     0.498320     0.807327
      452.839      614.974     0.498220     0.793685
      342.747      16.4497     0.497919     0.835582
      438.099      160.521     0.496578     0.815351
      365.945      636.172     0.496277     0.880526
      496.088      372.545     0.495532     0.875433
      628.956      98.9848     0.494741     0.962616
      250.876      109.779     0.494478     0.793320
      206.492      302.669     0.494356     0.935466
      505.653      623.244     0.493138     0.742265
      341.173      10.7186     0.491590     0.841485
      465.728      317.661     0.491545     0.849059
      374.882      229.996     0.491428     0.709691
      473.311      81.7329     0.491098     0.894091
      204.256      29.8599     0.490969     0.887034
      309.653      615.449     0.490964     0.870900
      593.020      648.568     0.490616     0.790778
      622.698      155.664     0.490247     0.893024
      428.396      310.467     0.489402     0.915590
      88.4025      452.083     0.489030     0.764843
      528.127      183.125     0.488008     0.803358
      36.9650      320.851     0.487687     0.865054
      576.385      401.110     0.487184     0.843289
      534.586      375.770     0.487161     0.815477
      279.365      375.737     0.486900     0.701153
      215.768      597.264     0.484000     0.777094
      597.461      279.507     0.482980     0.786523
      411.652      479.405     0.482917     0.741059
      638.199      291.385     0.481394     0.715959
      415.690      268.472     0.481085     0.859863
      390.143      645.193     0.480718     0.941878
      45.6937      169.148     0.480709     0.895775
      645.709      605.143     0.480690     0.783742
      531.690      642.536     0.480258     0.832984
      181.280      562.312     0.480150     0.756902
      391.638      614.367     0.479158     0.951142
      206.656      342.989     0.477882     0.798496
      221.995      125.994     0.477726     0.836755
      96.5115      228.750     0.477691     0.847726
      319.514      637.692     0.476521     0.848619
      58.1981      577.825     0.475747     0.868743
      153.170      551.133     0.475485     0.815815
      165.517      308.306     0.474658     0.782732
      311.722      356.461     0.474565     0.892379
      584.479      551.686     0.474310     0.931547
      465.392      244.407     0.474123     0.757838
      320.308      558.370     0.473678     0.761943
      188.891      39.5974     0.472001     0.920598
      239.381      578.631     0.471822     0.816410
      201.728      222.227     0.471749     0.794647
      145.624      328.616     0.471309     0.893745
      262.415      284.572     0.471193     0.894062
      116.397      19.3064     0.471098     0.924270
      114.226      339.652     0.470071     0.852184
      366.002      326.175     0.469894     0.821000
      233.487      456.288     0.469354     0.813978
      197.597      61.4399     0.468110     0.946359
      318.837      551.106     0.467425     0.792508
      66.3358      312.196     0.467352     0.831117
      30.4843      628.626     0.467287     0.903385
      22.7389      336.810     0.466562     0.923744
      490.221      202.854     0.466480     0.790444
      37.5684      145.868     0.466418     0.750110
      109.248      138.074     0.465976     0.922377
      510.854      553.317     0.465937     0.827516
      59.8326      401.282     0.465822     0.801192
      209.475      10.3542     0.465278     0.949472
      334.806      113.370     0.464905     0.791527
      125.471      8.42950     0.464701     0.714211
      467.643      107.770     0.464370     0.840845
      512.026      525.172     0.464290     0.864875
      379.559      155.441     0.463918     0.904537
      227.165      260.424     0.462858     0.775869
      287.683      55.6725     0.462729     0.790927
      594.783      257.989     0.462244     0.854390
      474.568      644.285     0.461565     0.843246
      523.688      98.3480     0.460908     0.806977
      146.418      345.187     0.458788     0.792320
      314.727      17.0369     0.458586     0.743749
      15.8584      87.3086     0.458530     0.814710
      361.320      553.425     0.458251     0.844542
      5.07889      497.704     0.458181     0.910056
      162.356      264.307     0.457685     0.783786
      324.511      301.293     0.457416     0.738294
      225.686      174.510     0.455865     0.880167
      290.679      48.9009     0.455460     0.846875
      431.337      388.825     0.454954     0.897930
      423.095      548.077     0.454103     0.890184
      267.464      517.367     0.453143     0.899838
      594.144      284.335     0.453075     0.822658
      328.120      46.3691     0.453051     0.763315
      98.4831      612.706     0.452893     0.847228
      90.5726      200.579     0.452785     0.941314
      625.270      159.567     0.452154     0.883868
      294.003      177.423     0.450424     0.814462
      148.760      522.351     0.450278     0.921031
      614.693      419.654     0.450101     0.851154
      605.506      473.083     0.449625     0.896027
      494.334      291.891     0.449554     0.884607
      16.0836      518.567     0.449497     0.740352
      582.451     0.869302     0.449348     0.864456
      13.4398      85.5773     0.448794     0.762162
      148.315      307.915     0.448771     0.951402
      561.255      48.1067     0.447584     0.803316
      599.056      158.425     0.447168     0.866814
      372.473      72.5133     0.446318     0.789203
      239.720      151.249     0.446057     0.819340
      133.248      375.512     0.445697     0.762091
      69.2773      167.848     0.445071     0.897871
      601.199      498.692     0.445057     0.828711
      500.549      406.564     0.444889     0.900014
      511.159      531.206     0.444486     0.843204
      343.928      417.064     0.443997     0.740055
      133.415      136.671     0.443844     0.715500
      545.190      399.262     0.443328     0.877828
      518.767      150.952     0.443106     0.942342
      305.838      435.845     0.442594     0.804998
      567.562      139.389     0.442342     0.840631
      648.131      52.4144     0.442070     0.855850
      108.653      353.600     0.442018     0.958158
      331.797      171.838     0.441933     0.929898
      454.817      169.600     0.441837     0.758315
      260.718      616.073     0.441405     0.794561
      112.874      261.909     0.441017     0.818494
      474.234      171.890     0.440420     0.826563
      433.790      549.186     0.439972     0.861364
      176.429      560.816     0.438899     0.950107
      459.427      359.719     0.438893     0.835983
      251.566      409.242     0.438705     0.788287
      233.259      358.879     0.438569     0.892436
      358.567      15.7343     0.438246     0.846512
      83.5138      169.701     0.438235     0.845723
      260.648      528.041     0.438016     0.777541
      202.949      405.832     0.437660     0.865611
      456.431      374.250     0.436642     0.901301
      374.165      444.402     0.435969     0.764924
      80.6329      573.678     0.435809     0.839693
      600.193      420.342     0.435557     0.919729
      579.973      139.729     0.434874     0.880909
      301.019      531.306     0.434786     0.964171
      291.616      292.609     0.434172     0.907322
      64.4805      230.491     0.433424     0.823915
      87.5552      217.405     0.432732     0.898610
      179.798      437.090     0.432723     0.758190
      550.056      583.014     0.432393     0.884813
      444.695      306.757     0.432264     0.878536
      426.800      74.6564     0.431547     0.840541
      136.456      615.649     0.431322     0.843983
      467.008      361.070     0.430408     0.837446
      247.906      107.405     0.430180     0.713170
      22.3840      425.671     0.430038     0.802433
      128.976      186.836     0.429781     0.801722
      240.229      497.571     0.429663     0.872783
      642.412      254.655     0.429611     0.825658
      136.644      402.150     0.428940     0.828290
      464.321      65.7625     0.428212     0.776069
      485.178      617.173     0.428036     0.790481
      159.235      567.339     0.427898     0.795306
      100.048      335.804     0.427824     0.866269
      464.261      10.7795     0.426139     0.773306
      244.260      89.2073     0.425171     0.920407
      156.708      47.8696     0.424879     0.808809
      342.366      339.916     0.424704     0.786034
      353.171      218.873     0.424239     0.894272
      144.937      127.582     0.424235     0.868834
      500.085      510.208     0.424017     0.783848
      642.026      465.884     0.423946     0.906032
      388.348      97.9329     0.423945     0.985730
      449.042      62.5943     0.423877     0.861082
      4.65517      302.184     0.423548     0.807223
      529.148      248.239     0.423236     0.859621
      520.338      6.40804     0.423046     0.942128
      523.932      478.802     0.423018     0.818712
      267.561      129.882     0.422986     0.849872
      334.593      295.691     0.422893     0.747692
      621.541      65.2061     0.422523     0.861588
      433.446      446.504     0.422435     0.740198
      439.235      390.693     0.422245     0.792595
      618.117      37.6387     0.421722     0.879892
      222.218      617.348     0.421557     0.810302
      227.148      448.515     0.421469     0.817902
      276.578      606.026     0.421347     0.806739
      604.661      500.876     0.421206     0.733926
      79.0656      60.5723     0.421093     0.944162
      359.521      243.546     0.419851     0.888512
      38.8085      474.032     0.419799     0.930000
      446.828      233.916     0.418249     0.868300
      641.638      413.921     0.417972     0.873216
      330.651     0.550573     0.417680     0.840285
      385.288      169.901     0.417554     0.860682
      527.604      474.732     0.416575     0.787729
      558.025      186.419     0.416507     0.748200
      107.174      236.336     0.415681     0.799786
      462.138      250.043     0.415534     0.896173
      130.178      216.455     0.415127     0.851045
      524.815      103.148     0.414893     0.871998
      625.536      247.193     0.414748     0.856701
      559.314      401.819     0.414554     0.779693
      347.100      408.786     0.411896     0.714025
      203.405      428.422     0.411166     0.704353
      480.983      123.610     0.411117     0.893431
      635.844      591.259     0.410822     0.889008
      1.54488      86.3174     0.410746     0.777894
      162.786      388.505     0.410735     0.865651
      382.214      407.521     0.409984     0.922243
      388.091      489.552     0.409543     0.881410
      233.969      348.125     0.409379     0.718623
      430.472      420.351     0.409123     0.779491
      522.050      285.052     0.407574     0.808318
      336.842      416.879     0.407221     0.814999
      488.264      577.215     0.406898     0.850746
      109.292      258.630     0.406827     0.817195
      398.973      544.231     0.406801     0.782344
      168.881      413.120     0.406655     0.823438
      549.356      432.756     0.406436     0.772046
      518.991      302.553     0.406143     0.720096
      503.766      46.3622     0.405253     0.794970
      523.339      157.964     0.404582     0.851168
      465.469      423.436     0.404512     0.879526
      32.6862      285.772     0.404366     0.767673
      534.376      303.463     0.404339     0.920656
      40.1296      31.5862     0.403951     0.785765
      77.6582      420.338     0.403904     0.929760
      77.1905      234.391     0.403555     0.829135
      59.8584      172.447     0.403012     0.733117
      537.218      115.570     0.402834     0.919723
      24.5965      537.954     0.402497     0.707743
      80.6424      417.286     0.402483     0.712537
      69.8487      58.6634     0.401908     0.913259
      99.9663      218.594     0.401265     0.877193
      501.434      81.0645     0.401050     0.960362
      277.065      612.312     0.400900     0.811087
      592.656      514.320     0.400813     0.775958
      282.154      182.255     0.399712     0.902310
      14.2946      559.615     0.399553     0.823594
      15.7913      564.448     0.398797     0.844237
      5.11630      355.469     0.398577     0.877326
      537.301      589.115     0.398538     0.909008
      542.718      455.201     0.398403     0.845973
      610.100      354.584     0.398325     0.752656
      469.498      326.012     0.398286     0.779934
      338.773      59.1968     0.397307     0.868294
      409.254      512.673     0.397280     0.767990
      616.638      502.246     0.397203     0.834723
      546.046      343.317     0.396912     0.832647
      647.875      280.730     0.396608     0.861744
      554.796      37.8800     0.396297     0.878286
      398.652      489.885     0.395614     0.908538
      122.614      219.323     0.395600     0.870563
      190.359      311.381     0.395497     0.833919
      97.8150      433.491     0.394961     0.858577
      550.094      330.939     0.393784     0.931592
      229.311      203.352     0.393739     0.761769
      96.1265      188.028     0.392403     0.966020
      521.088      393.693     0.392167     0.746386
      373.598      192.064     0.391883     0.875658
      451.368      252.191     0.391485     0.836013
      440.045      210.242     0.391291     0.868988
      551.178      1.45127     0.390365     0.920950
      612.673      381.275     0.390330     0.782974
      303.495      527.682     0.389983     0.789446
      475.231      485.071     0.389831     0.833201
      355.916      242.303     0.389352     0.904459
      81.1985      63.4476     0.389052     0.801441
      278.103      277.811     0.388649     0.860303
      123.449      197.661     0.388184     0.876892
      344.179      6.13946     0.387603     0.873732
      126.499      218.699     0.385956     0.810830
      201.832      645.337     0.385930     0.822717
      270.703      337.070     0.385189     0.714823
      160.534      270.817     0.382365     0.767063
      147.359      155.962     0.381469     0.877569
      513.775      378.283     0.381249     0.907883
      400.241      156.232     0.380638     0.702841
      98.8902      222.071     0.380085     0.808642
      305.751      42.4283     0.379956     0.793495
      140.197      124.583     0.379925     0.890234
      175.819      106.673     0.379339     0.879276
      465.010      324.524     0.378625     0.725303
      182.524      637.241     0.378429     0.878389
      617.248      284.093     0.378151     0.887396
      186.443      546.159     0.377307     0.907031
      265.484      180.137     0.376941     0.754025
      340.720      418.960     0.376797     0.777931
      247.178      367.269     0.376671     0.728126
      24.8203      533.930     0.376529     0.929843
      382.085      497.552     0.376089     0.864660
      591.117      404.253     0.376005     0.721914
      631.404      551.793     0.375964     0.947152
      321.279      626.358     0.373657     0.836270
      153.833      181.515     0.373279     0.753592
      131.117      359.157     0.372580     0.882396
      504.450      473.214     0.371967     0.706228
      109.961      199.869     0.371411     0.729810
      220.270      495.175     0.370805     0.783812
      357.547      481.922     0.369853     0.911898
      77.9581      279.164     0.368494     0.842701
      40.3349      220.335     0.367615     0.797202
      332.184      122.458     0.365004     0.796865
      621.655      633.821     0.364982     0.932642
      18.7847      526.640     0.364879     0.807997
      567.833      244.046     0.364718     0.723263
      430.836      550.451     0.364341     0.767470
      384.591      103.971     0.362567     0.823394
      13.5533      395.548     0.361696     0.873874
      449.940      334.783     0.361253     0.759509
      233.875      326.993     0.358811     0.938123
      135.692      164.559     0.358363     0.788744
      461.986      239.182     0.357353     0.918900
      92.1775      73.9818     0.354962     0.940106
      528.760      592.299     0.354739     0.900251
      359.376      337.895     0.354396     0.760065
      345.983      494.810     0.353212     0.877974
      192.793      617.996     0.352518     0.910528
      507.334      395.066     0.350327     0.970884
      92.8410      229.726     0.350234     0.852095
      250.283      155.822     0.345621     0.789433
      109.129      203.280     0.345519     0.840148
      505.025      390.329     0.342098     0.970040
      436.055      343.416     0.339023     0.774565
      142.867      275.742     0.337203     0.848564
      327.133      67.7714     0.337090     0.823426
      133.295      109.201     0.336991     0.935468
      250.704      175.604     0.332437     0.758485
      529.269      350.868     0.331671     0.893411
      266.893      158.131     0.327325     0.751430
      101.992      4.57267     0.327060     0.886726
      171.030     0.439146     0.325982     0.734834
      312.672      122.681     0.325895     0.843298
      334.780      413.840     0.324743     0.837761
      106.975      331.994     0.322776     0.745273
      365.842      139.686     0.310034     0.750908
      103.289      221.734     0.304100     0.828069
      622.067      616.080     0.292745     0.883997
      113.310      257.292     0.286595     0.822991
      8.91687      498.787     0.278665     0.886976
      280.253      24.2158     0.271757     0.767800
      650.716      588.553     0.265913     0.857546
      589.646      99.3085     0.246755     0.915449
      525.947      148.931     0.231341     0.856467
