      10.0967      6.13074
      16.0020      21.7366
      10.9673      51.0885
      11.0386      56.8187
      9.98779      75.1160
      4.86475      92.3871
      8.91699      117.073
      9.87402      198.365
      1.85254      218.064
      10.8032      255.836
      11.7690      305.073
      7.75928      315.006
      15.9146      335.077
      5.49121      386.699
      9.21680      415.286
      8.13477      424.216
      16.0483      429.844
      2.12891      463.513
      1.82324      473.971
      8.78223      477.180
      1.18457      551.750
     0.727051      586.114
      6.19043      604.069
      33.1855     0.760498
      31.0039      6.84143
      34.8594      23.1125
      35.8833      86.0920
      22.2837      88.8311
      30.9668      95.8047
      35.7349      106.926
      25.7173      112.980
      21.6670      175.249
      37.1968      181.058
      33.1309      186.049
      25.8853      187.881
      30.9766      210.001
      28.0864      216.856
      21.1426      286.016
      37.1680      320.857
      26.8301      323.937
      30.4805      364.115
      19.8672      414.055
      27.8281      515.034
      37.6167      547.944
      24.2456      559.022
      13.8242      562.250
      36.2651      568.835
      24.8843      606.779
      28.8999      610.291
      41.9912      68.1584
      57.0986      78.8409
      51.7720      98.0896
      56.0869      102.149
      39.7598      117.397
      53.9727      125.263
      48.1069      185.191
      48.8442      213.860
      49.6812      241.090
      53.9502      257.882
      52.9614      279.045
      44.3838      300.139
      51.0552      300.046
      53.8438      332.934
      57.0254      370.806
      42.6523      397.963
      52.8315      415.222
      56.8115      419.455
      44.9302      444.258
      52.1411      451.968
      57.8755      471.902
      48.1831      474.926
      35.8677      477.941
      49.8506      520.179
      54.7393      522.036
      57.9346      566.039
      50.9102      578.856
      50.0850      609.039
      54.8999      628.999
      48.0146      644.369
      37.8462      648.719
      56.8833      28.8358
      71.2734      50.0713
      73.9331      61.3271
      70.0317      103.083
      61.4043      123.281
      60.2451      123.579
      60.1812      130.931
      67.7910      162.942
      65.8257      169.807
      72.0186      187.169
      74.9727      191.948
      69.8672      199.504
      73.9980      209.467
      72.0264      223.853
      67.3398      273.878
      61.1128      285.095
      64.7544      289.104
      60.0283      297.110
      75.9897      339.866
      69.7524      371.931
      62.8047      432.092
      75.4170      451.774
      61.6470      488.118
      71.9849      487.523
      73.9902      514.888
      63.0210      554.850
      57.9722      582.186
      68.1328      609.255
      58.8711      612.847
      71.9385      649.756
      73.5693      13.7461
      88.9062      34.8981
      96.0176      39.0052
      81.9688      84.1440
      90.7490      101.905
      78.1416      104.205
      94.0762      124.962
      78.7710      156.165
      84.6875      239.855
      79.8799      263.632
      84.9883      265.890
      85.8433      289.405
      95.0684      290.954
      92.9106      388.115
      81.9727      407.000
      81.0264      450.985
      85.2847      452.040
      78.8677      534.035
      85.0293      536.050
      95.8955      548.012
      97.0059      577.837
      103.987      35.9984
      111.933      52.1053
      110.305      104.834
      114.058      111.469
      113.898      127.205
      114.843      132.078
      103.147      142.965
      116.018      143.093
      111.087      154.348
      101.166      162.747
      105.097      171.160
      101.933      184.197
      102.627      213.012
      117.003      236.093
      117.676      245.960
      100.872      330.180
      93.8979      345.895
      109.513      345.751
      106.908      348.034
      99.9199      352.851
      114.663      401.041
      113.770      434.885
      116.926      466.133
      109.867      476.137
      101.031      478.269
      112.222      480.258
      107.786      545.090
      113.160      547.059
      114.788      555.156
      101.684      556.155
      104.827      579.936
      105.998      590.861
      100.104      605.887
      122.219      9.63647
      123.336      41.9377
      133.302      58.0414
      122.290      180.927
      119.087      184.156
      137.175      199.947
      136.032      214.746
      120.479      272.070
      126.800      285.779
      129.752      340.917
      135.041      351.131
      125.947      394.080
      121.034      399.936
      125.441      403.213
      133.016      439.844
      128.029      480.476
      130.917      490.891
      135.247      505.128
      125.967      524.941
      125.110      555.097
      121.901      565.958
      128.214      583.038
      128.957      607.186
      125.215      621.885
      154.822      32.2336
      143.449      36.8091
      154.125      40.5457
      150.946      87.9899
      144.150      99.3564
      154.067      114.922
      139.001      132.951
      149.973      187.080
      155.059      193.065
      144.624      198.128
      150.958      208.191
      142.709      221.975
      152.548      281.950
      145.977      304.886
      156.984      368.800
      140.952      374.858
      146.529      382.809
      155.852      385.169
      154.167      426.898
      148.783      446.854
      152.739      494.973
      146.119      523.059
      157.031      565.002
      141.922      594.937
      157.060      638.036
      166.210      67.9487
      172.059      94.9512
      177.660      120.084
      166.194      143.003
      170.921      161.224
      164.022      212.835
      177.475      218.131
      167.082      231.231
      171.118      232.128
      171.981      242.914
      174.077      275.317
      161.925      286.181
      174.521      314.939
      174.057      401.243
      159.584      445.989
      165.151      484.800
      175.326      493.811
      169.126      500.054
      168.996      536.910
      173.300      550.695
      162.147      575.995
      167.153      612.903
      164.934      630.002
      157.944      644.908
      180.946      5.79590
      182.890      66.1387
      196.879      133.176
      184.717      235.958
      185.750      260.070
      181.790      292.049
      196.717      334.052
      192.105      379.844
      188.000      386.085
      188.789      410.994
      188.691      432.032
      184.943      463.084
      193.976      509.167
      186.923      524.959
      186.841      541.101
      188.247      557.980
      190.019      583.230
      185.750      613.247
      182.190      626.013
      201.879      56.9707
      216.958      70.8784
      198.058      87.0282
      202.252      90.7329
      214.831      92.0101
      206.897      142.145
      202.930      151.279
      215.001      182.987
      202.196      217.861
      209.030      231.803
      215.526      239.352
      217.098      264.839
      201.928      267.872
      210.082      278.932
      202.332      286.923
      201.009      357.063
      210.008      374.061
      215.749      377.018
      209.853      428.931
      209.121      434.075
      207.893      481.173
      204.913      494.108
      208.205      499.776
      198.190      519.947
      208.159      529.964
      203.341      540.044
      199.113      556.876
      196.907      639.351
      226.814      32.8429
      218.045      45.0667
      235.610      70.9589
      231.686      118.700
      226.631      146.104
      222.066      151.059
      218.871      155.917
      234.497      185.006
      218.024      189.047
      227.010      226.025
      233.813      251.879
      234.009      265.021
      231.831      278.957
      236.170      303.178
      221.867      304.018
      228.265      310.208
      217.836      323.015
      233.962      326.972
      229.939      357.880
      227.933      386.848
      234.015      400.986
      233.312      410.222
      224.047      439.314
      231.092      440.079
      225.677      480.917
      231.044      492.710
      220.086      495.319
      228.951      525.848
      228.979      544.080
      220.123      586.107
      222.816      636.847
      233.984      639.554
      219.786      649.208
      253.883      26.9110
      255.062      61.3762
      244.006      78.1523
      249.221      91.9796
      251.861      111.584
      252.022      169.830
      248.756      209.861
      253.013      225.013
      243.176      258.788
      251.851      321.798
      244.873      331.924
      246.699      340.823
      255.942      347.134
      244.912      348.910
      244.105      368.074
      250.870      416.873
      247.651      456.121
      239.885      491.817
      248.991      501.906
      238.105      524.108
      254.758      540.161
      247.716      550.023
      252.024      552.974
      254.863      554.937
      248.898      569.905
      254.127      571.751
      256.929      613.852
      255.824      624.876
      254.104      629.624
      255.867      641.037
      251.047      646.073
      265.116      6.11267
      262.345      27.5857
      259.887      42.0243
      270.203      103.081
      258.891      107.973
      275.217      136.014
      258.162      151.139
      261.759      155.186
      258.077      210.136
      275.125      215.262
      277.574      225.530
      259.026      229.065
      267.944      254.001
      273.836      257.117
      260.926      258.303
      275.832      265.040
      262.159      284.751
      264.437      308.083
      270.794      351.780
      270.874      364.828
      268.036      387.095
      259.693      409.131
      272.925      425.002
      274.491      432.966
      271.788      450.009
      276.594      458.066
      277.199      472.822
      257.749      508.112
      267.752      534.981
      266.818      550.040
      267.112      620.047
      270.161      626.871
      286.191      6.92224
      286.843      39.9141
      279.689      66.0679
      288.896      72.9722
      286.392      94.8370
      284.806      169.188
      291.935      219.993
      297.023      230.740
      290.126      275.113
      286.810      298.037
      287.029      333.087
      288.753      347.933
      284.914      358.228
      278.413      369.239
      285.509      372.285
      291.714      419.851
      292.838      424.751
      280.002      426.849
      283.666      449.015
      279.218      465.243
      279.143      474.651
      283.859      474.862
      290.860      483.166
      294.655      486.167
      289.070      502.064
      282.929      530.798
      279.047      540.820
      290.071      543.059
      296.815      543.091
      285.878      560.037
      294.812      581.014
      277.962      588.083
      286.066      595.105
      294.043      612.119
      282.953      614.062
      282.081      616.910
      290.161      620.066
      290.988      630.733
      293.016      636.008
      279.758      643.776
      304.070      5.16809
      310.136      24.0833
      309.128      30.9600
      300.055      51.0135
      302.084      59.9458
      311.068      66.1051
      304.008      75.9802
      302.157      82.0013
      307.231      125.768
      311.213      126.973
      314.204      167.811
      308.979      218.191
      302.065      221.244
      314.031      275.009
      315.043      287.092
      310.730      292.973
      306.028      302.036
      307.944      311.092
      307.801      327.060
      307.213      354.016
      305.083      415.076
      302.949      423.007
      302.823      469.017
      299.109      526.203
      299.048      538.061
      302.034      590.849
      309.327      625.176
      315.986      637.086
      334.117      8.92969
      334.910      20.2439
      332.143      23.8677
      336.854      81.1615
      330.896      87.2935
      336.076      99.4243
      321.789      124.062
      329.327      138.009
      326.017      172.151
      333.177      177.809
      319.071      183.136
      321.032      196.235
      324.734      214.168
      320.909      316.902
      335.764      328.161
      321.778      365.035
      319.033      368.980
      332.140      375.976
      324.807      437.027
      334.651      437.080
      319.951      438.023
      327.956      447.138
      323.906      507.024
      337.566      516.227
      330.889      527.921
      329.571      538.582
      331.119      551.093
      331.274      562.104
      319.892      564.124
      334.941      612.881
      329.949      619.022
      322.927      630.151
      323.022      640.933
      343.779      34.9342
      338.861      59.0466
      346.160      77.9586
      353.427      84.9769
      348.213      95.1449
      345.065      102.977
      338.072      151.228
      356.746      160.157
      345.068      161.356
      352.062      184.885
      339.001      210.874
      349.873      220.845
      339.188      235.299
      357.046      255.101
      346.018      298.203
      340.936      305.133
      344.091      314.124
      354.191      339.001
      349.969      347.131
      345.117      352.023
      340.147      360.067
      344.868      368.237
      357.215      370.138
      357.056      463.124
      341.155      479.836
      346.010      480.344
      339.976      507.157
      342.864      508.228
      352.882      512.017
      350.217      555.948
      355.090      561.832
      347.855      563.219
      338.114      574.952
      357.560      589.046
      366.277      16.9785
      374.093      49.2084
      365.525      60.0530
      361.803      73.7891
      360.118      144.849
      363.122      186.194
      371.776      214.069
      360.340      236.823
      375.834      255.902
      364.336      264.131
      359.031      279.021
      370.062      293.984
      355.020      298.671
      364.284      359.981
      359.189      424.891
      372.070      491.064
      367.898      491.876
      362.818      524.034
      364.120      544.855
      374.110      650.914
      387.008      43.1409
      389.103      106.799
      378.845      117.945
      388.120      125.081
      387.035      132.696
      384.920      142.184
      386.861      153.228
      380.819      179.397
      394.760      182.854
      393.856      200.707
      380.801      280.049
      390.926      298.799
      394.060      304.216
      396.029      323.960
      381.739      328.804
      387.097      355.978
      394.132      362.038
      384.469      370.638
      383.251      441.172
      391.931      442.062
      391.066      592.001
      378.058      610.127
      378.759      620.110
      391.819      625.017
      385.004      635.002
      391.888      638.358
      408.144      4.91333
      403.013      9.23315
      401.124      53.0674
      400.231      85.0857
      403.213      124.949
      415.302      141.924
      405.151      155.010
      402.082      198.124
      414.224      200.053
      400.989      213.864
      399.006      233.807
      411.211      238.215
      403.012      239.014
      404.971      251.826
      409.848      290.152
      409.895      306.121
      417.331      336.041
      401.602      348.846
      412.575      396.912
      414.923      411.832
      405.523      416.048
      408.140      438.047
      415.910      470.061
      402.114      496.086
      414.906      495.951
      407.004      503.463
      408.883      510.210
      402.933      512.956
      415.845      525.883
      398.046      561.916
      405.045      606.028
      409.164      645.226
      396.881      650.705
      420.098      20.0605
      424.102      35.6376
      433.871      45.8705
      417.554      47.0161
      433.047      145.905
      423.795      180.073
      429.187      197.048
      424.906      225.782
      432.081      270.299
      423.987      298.176
      418.852      304.155
      421.737      333.063
      436.244      338.576
      419.153      351.031
      418.104      358.168
      424.106      367.929
      434.852      389.015
      428.898      404.000
      426.113      439.885
      418.101      487.998
      428.291      507.958
      418.943      510.889
      432.948      523.878
      422.959      584.942
      430.792      587.207
      423.906      592.946
      425.141      601.916
      427.627      636.148
      456.475      4.01172
      453.094      31.9341
      443.167      158.812
      442.163      163.245
      455.311      183.644
      443.860      183.990
      444.957      186.786
      444.871      198.976
      456.603      207.216
      447.266      211.704
      447.733      223.871
      451.727      232.007
      439.977      264.213
      443.728      268.040
      457.513      269.965
      452.062      300.073
      445.731      362.000
      449.311      379.424
      453.195      406.834
      451.272      420.017
      435.089      445.070
      438.952      449.092
      452.088      485.057
      441.738      488.229
      444.072      522.053
      443.949      583.161
      446.962      636.656
      444.837      640.933
      465.180      3.52441
      472.033      18.9808
      459.957      29.1382
      464.858      100.915
      474.947      101.417
      467.916      141.002
      467.292      171.992
      461.630      231.969
      472.182      253.027
      461.217      263.086
      473.954      270.030
      457.629      313.023
      465.849      317.806
      472.900      336.873
      461.954      357.985
      460.409      416.179
      470.446      430.752
      470.023      455.858
      474.565      459.664
      469.213      478.923
      476.084      521.068
      465.974      525.964
      466.966      537.979
      470.443      604.962
      473.509      607.158
      461.753      645.880
      492.788      39.8423
      490.326      45.9026
      492.904      66.3430
      478.824      217.852
      486.696      266.088
      494.245      301.927
      479.958      304.885
      477.970      335.908
      496.000      372.795
      480.902      405.025
      492.056      414.047
      485.373      424.977
      483.616      451.076
      490.939      454.235
      496.037      476.182
      479.083      484.104
      492.181      484.030
      490.215      500.816
      485.923      552.232
      480.889      616.901
      493.277      617.897
      484.958      627.102
      512.824      38.9899
      516.253      47.1035
      517.098      68.1387
      516.181      165.022
      512.127      232.989
      507.914      237.161
      517.051      258.830
      512.167      260.923
      509.133      304.017
      503.228      309.205
      513.916      309.873
      509.106      337.218
      508.854      342.868
      514.449      344.957
      516.750      476.211
      500.089      488.724
      507.564      500.781
      509.159      516.821
      506.288      554.818
      510.396      604.870
      504.980      634.312
      509.800      644.009
      536.034      22.1913
      519.924      29.1732
      529.090      68.8328
      533.469      79.3204
      532.093      103.097
      519.799      124.069
      534.816      147.764
      520.999      160.845
      535.803      168.856
      529.967      221.003
      523.692      234.912
      521.886      249.165
      535.916      256.141
      529.055      316.913
      535.162      318.810
      520.849      322.850
      531.902      361.034
      535.921      366.091
      531.286      386.188
      519.259      399.889
      524.121      420.875
      532.900      424.178
      526.788      437.988
      531.598      444.910
      533.635      445.048
      530.081      491.886
      537.796      519.334
      528.403      562.058
      521.189      569.968
      532.103      600.106
      534.191      614.094
      530.821      620.053
      519.909      628.886
      535.988      647.038
      547.009      54.8511
      556.070      86.0157
      544.905      104.905
      550.002      110.966
      542.772      144.749
      552.117      172.160
      550.912      176.168
      541.979      186.355
      551.960      205.738
      546.167      209.784
      548.070      218.899
      538.876      226.071
      555.151      227.535
      546.174      249.071
      543.995      263.241
      543.945      268.939
      555.158      268.782
      557.051      278.736
      541.876      332.062
      545.487      338.061
      550.066      378.825
      557.105      379.474
      550.852      396.856
      553.174      469.180
      550.933      480.932
      540.822      502.131
      551.942      532.166
      541.011      535.607
      538.026      557.862
      551.164      576.073
      556.863      588.010
      553.063      590.251
      545.818      601.673
      540.900      612.897
      569.763    0.0505371
      563.611      60.0360
      559.351      69.6364
      568.895      79.9208
      568.049      109.241
      574.674      118.880
      561.919      154.095
      564.144      161.177
      576.953      163.611
      569.886      169.081
      570.434      171.343
      563.045      216.073
      572.997      260.989
      571.324      277.725
      569.918      308.808
      576.732      320.080
      566.929      339.920
      570.862      366.077
      566.835      367.112
      558.120      434.802
      568.221      453.252
      558.223      531.131
      570.871      568.218
      573.051      583.986
      575.117      598.932
      568.197      623.605
      575.292      642.939
      581.210      7.89526
      594.851      11.0278
      592.832      24.8324
      590.163      47.7693
      580.537      112.813
      583.071      117.185
      591.833      140.838
      583.293      201.072
      593.470      207.547
      580.834      254.338
      578.622      266.206
      582.951      303.021
      587.917      322.859
      589.908      355.876
      587.834      414.937
      592.141      417.161
      578.915      446.965
      582.924      461.817
      595.045      473.911
      592.104      544.966
      583.959      560.795
      595.979      565.019
      595.249      580.812
      588.028      611.780
      581.034      634.336
      587.979      651.805
      613.888      10.0758
      617.004      23.9248
      600.093      24.8420
      617.189      60.2820
      611.978      79.7686
      616.869      84.2039
      601.927      160.999
      611.878      161.074
      609.037      178.327
      609.021      188.908
      602.203      196.089
      614.082      213.079
      611.677      239.252
      614.141      262.962
      611.056      267.992
      594.125      284.090
      598.837      329.191
      610.773      328.950
      613.388      331.852
      616.940      410.250
      612.842      414.394
      613.082      447.078
      612.021      453.124
      602.943      462.838
      601.926      518.829
      602.814      539.448
      598.851      540.053
      598.818      571.208
      606.202      577.183
      606.150      608.094
      601.126      612.799
      599.697      616.019
      599.008      620.175
      623.190      7.65808
      625.238      31.8689
      619.884      47.9971
      628.081      53.1002
      619.873      108.779
      624.862      143.095
      636.891      163.032
      633.248      186.895
      629.089      192.844
      636.731      204.199
      622.780      220.083
      622.104      265.935
      627.956      285.886
      626.058      328.833
      635.986      359.059
      635.837      392.312
      621.303      393.933
      632.144      439.863
      627.823      467.207
      634.046      470.823
      633.672      476.036
      621.602      520.110
      626.111      522.790
      629.715      528.990
      618.087      575.822
      630.208      595.176
      636.014      598.991
      633.074      630.711
      613.893      632.243
      637.600      77.9858
      649.882      90.6659
      645.151      126.968
      651.601      170.086
      653.941      171.062
      647.934      205.396
      649.997      208.623
      639.149      219.755
      648.085      243.094
      640.997      257.211
      649.980      267.056
      653.839      314.837
      652.519      335.167
      653.010      349.051
      646.846      367.843
      651.838      369.205
      647.175      415.483
      648.966      431.852
      639.186      450.880
      654.130      502.955
      648.981      542.294
      654.863      551.452
      645.185      554.523
      649.845      555.993
      649.932      584.798
      654.972      589.883
      649.208      592.042
      650.808      616.944
      652.998      620.195
      654.600      634.050
